#CHR	POS	Count_A	Count_C	Count_G	Count_T	Good_depth
chr1	1815818	0	1252	0	0	1252
chr1	8653318	0	0	0	97	97
chr1	20167244	0	231	0	0	231
chr1	20167324	0	0	416	0	416
chr1	33876224	0	0	467	0	467
chr1	57542614	0	146	0	0	146
chr1	75159324	587	0	0	0	587
chr1	80630582	0	283	0	0	283
chr1	80630603	0	0	264	0	264
chr1	103051998	0	445	0	0	445
chr1	175508637	0	537	0	0	537
chr1	184975264	0	320	0	0	320
chr1	184975334	0	345	0	0	345
chr1	190098243	582	0	0	0	582
chr1	190098282	0	0	0	588	588
chr1	190098591	0	0	321	0	321
chr1	190098939	0	0	177	0	177
chr1	190098984	0	0	166	0	166
chr1	190099008	0	150	0	0	150
chr1	190099032	0	145	0	0	145
chr1	190099044	0	140	0	0	140
chr1	190099080	0	0	125	0	125
chr1	190099212	0	97	0	0	97
chr1	190281556	0	0	310	0	310
chr1	190281684	0	321	0	0	321
chr1	229465267	120	127	0	0	247
chr1	229465351	0	368	0	0	368
chr10	25270158	0	0	0	300	300
chr10	35131703	251	0	0	0	251
chr10	62664688	0	0	414	0	414
chr10	62664778	0	260	0	0	260
chr10	75988441	0	0	410	0	410
chr10	87933321	0	0	145	0	145
chr10	110581852	0	0	135	0	135
chr10	119277962	0	0	655	0	655
chr10	122272127	0	168	0	229	397
chr11	9060379	0	452	0	0	452
chr11	12452833	0	512	0	0	512
chr11	16448702	0	0	369	0	369
chr11	17742337	231	0	0	0	231
chr11	32392787	0	0	191	0	191
chr11	32396144	98	0	0	0	98
chr11	32396399	0	0	0	183	183
chr11	32396416	180	0	0	0	180
chr11	34495982	0	0	663	0	663
chr11	36153743	0	444	0	0	444
chr11	36153766	521	0	0	0	521
chr11	61104601	0	349	0	0	349
chr11	61104628	0	0	335	0	335
chr11	72657733	0	515	0	0	515
chr11	82358712	0	0	0	98	98
chr11	82358771	115	0	0	0	115
chr11	99206526	0	380	0	0	380
chr11	99206616	406	0	0	0	406
chr11	99568750	0	0	295	0	295
chr11	99568754	0	0	305	0	305
chr11	108229136	0	0	186	0	186
chr11	108245051	0	0	0	276	276
chr11	108245084	227	0	0	0	227
chr11	108247163	0	573	0	0	573
chr11	108248903	0	0	258	0	258
chr11	108272618	0	0	848	0	848
chr11	108293534	190	0	0	0	190
chr11	108294907	671	0	0	0	671
chr11	108294944	0	755	0	0	755
chr11	108299649	188	0	0	0	188
chr11	108315981	0	2493	0	0	2493
chr11	108316068	0	2530	0	0	2530
chr11	108325269	0	123	0	0	123
chr11	108347366	0	0	698	0	698
chr11	131690353	0	915	0	0	915
chr11	132079459	0	362	0	0	362
chr12	25159938	0	0	0	112	112
chr12	26645162	0	145	0	157	302
chr12	79117344	0	0	523	0	523
chr12	80593442	0	234	0	0	234
chr12	80593453	0	0	235	0	235
chr12	109763658	0	0	189	0	189
chr12	109763732	0	0	209	0	209
chr12	125618336	0	0	559	0	559
chr12	131030691	0	0	269	0	269
chr12	131030749	0	0	366	0	366
chr12	131030808	0	308	0	0	308
chr13	28018409	0	0	0	156	156
chr13	29381579	0	172	0	0	172
chr13	42036066	0	0	146	0	146
chr13	42036103	0	0	190	0	190
chr13	42036182	168	0	0	0	168
chr13	60439455	0	0	164	0	164
chr13	60439481	0	0	0	164	164
chr13	85427587	0	0	0	276	276
chr13	101837480	0	0	117	0	117
chr13	107545680	0	554	0	0	554
chr13	107545683	0	566	0	0	566
chr13	107545767	0	498	0	0	498
chr14	38902662	0	633	0	0	633
chr14	67543416	0	0	133	0	133
chr14	76153957	0	0	0	212	212
chr14	99815833	0	0	749	0	749
chr14	99815847	346	0	342	0	688
chr15	27163121	0	786	0	0	786
chr15	27791784	206	0	0	0	206
chr15	39607817	0	0	0	97	97
chr15	39607855	0	0	73	0	73
chr15	44013752	0	0	322	0	322
chr15	80115617	0	0	455	0	455
chr16	6034567	0	0	180	0	180
chr16	6379472	332	0	0	0	332
chr16	6379495	0	0	0	385	385
chr16	6379558	0	0	522	0	522
chr16	9910458	54	0	0	0	54
chr16	9910537	0	20	0	0	20
chr16	15724284	0	224	0	0	224
chr16	52568387	0	300	0	0	300
chr16	57370452	0	0	297	0	297
chr16	67612169	0	1365	0	0	1365
chr16	67616739	0	1155	0	0	1155
chr16	67616833	0	1290	0	0	1290
chr16	67626474	0	0	74	0	74
chr16	67628501	0	514	0	0	514
chr16	73386115	0	141	0	142	283
chr17	5834703	0	724	0	0	724
chr17	7669642	0	0	203	0	203
chr17	7673334	0	176	0	0	176
chr17	12621539	1298	0	0	0	1298
chr17	12621553	1235	0	0	0	1235
chr17	12621560	1314	0	0	0	1314
chr17	12621561	0	0	0	1325	1325
chr17	12621573	0	1296	0	0	1296
chr17	12621581	0	0	646	664	1310
chr17	12621616	0	0	0	1323	1323
chr17	12621644	1127	0	0	0	1127
chr17	12621670	0	445	0	497	942
chr17	33287759	347	0	0	0	347
chr17	33287852	0	510	0	0	510
chr17	51067614	0	0	549	0	549
chr17	53823336	0	0	393	0	393
chr17	60656634	0	0	413	0	413
chr17	76737017	0	0	162	0	162
chr18	4193945	205	0	0	0	205
chr18	7579194	0	153	0	0	153
chr18	7579277	193	0	0	0	193
chr18	7579294	187	0	0	0	187
chr18	27125186	0	0	168	0	168
chr18	32968861	0	0	0	90	90
chr18	35001079	0	0	117	0	117
chr18	50593212	0	0	635	0	635
chr18	58968498	0	0	0	229	229
chr18	58968538	0	223	0	0	223
chr18	62527782	0	0	109	0	109
chr18	69764027	0	539	0	0	539
chr18	74666435	0	249	0	227	476
chr19	29509552	0	1306	0	0	1306
chr19	30530958	0	0	341	0	341
chr19	30530988	0	386	0	0	386
chr19	32773283	0	493	0	0	493
chr19	33301659	0	7	0	0	7
chr19	33301722	0	0	3	0	3
chr19	33302244	0	5	0	0	5
chr19	44782295	0	363	0	0	363
chr2	1154666	424	0	0	0	424
chr2	1742901	0	0	190	0	190
chr2	1742960	0	0	0	228	228
chr2	10406422	0	0	290	0	290
chr2	10406468	0	347	0	0	347
chr2	10406503	0	0	305	0	305
chr2	15329045	0	63	0	70	133
chr2	15329122	0	0	0	218	218
chr2	25235677	0	100	0	93	193
chr2	25236935	0	133	0	0	133
chr2	25237072	0	132	0	0	132
chr2	25240614	0	0	67	0	67
chr2	25244019	0	0	49	63	112
chr2	25245214	0	0	104	0	104
chr2	25246633	0	56	0	0	56
chr2	25246787	87	0	0	0	87
chr2	25247044	0	51	0	34	85
chr2	25247639	244	0	0	0	244
chr2	25247790	0	0	206	0	206
chr2	26629636	0	0	539	0	539
chr2	98389058	0	0	644	0	644
chr2	132582244	0	0	212	0	212
chr2	133060506	0	0	339	0	339
chr2	145061824	350	0	0	0	350
chr2	162614954	158	0	0	0	158
chr2	162614972	201	0	0	0	201
chr2	162615021	0	257	0	0	257
chr2	173947911	0	0	0	600	600
chr20	83148	0	0	546	0	546
chr20	83158	0	261	0	273	534
chr20	14300177	0	194	0	0	194
chr20	14300230	0	0	225	0	225
chr20	17433202	0	560	0	0	560
chr20	17433203	0	0	553	0	553
chr20	17438980	0	0	441	0	441
chr20	17438999	0	0	0	476	476
chr20	17439070	0	377	0	0	377
chr20	32436288	0	0	160	0	160
chr20	37048217	0	671	0	0	671
chr20	42445130	0	0	391	0	391
chr20	43031194	0	506	0	0	506
chr20	46026997	0	0	395	0	395
chr21	32724643	0	24	0	19	43
chr21	34859490	0	170	0	0	170
chr21	34859553	197	0	0	0	197
chr22	23146855	0	0	258	0	258
chr22	28688034	0	0	0	978	978
chr22	28688046	909	0	0	0	909
chr22	28688052	0	0	884	0	884
chr22	28689180	0	417	0	0	417
chr22	28725419	0	0	692	0	692
chr22	32446726	331	0	0	0	331
chr22	32446740	0	0	332	0	332
chr22	36632626	0	0	0	389	389
chr22	39588816	0	493	0	0	493
chr22	50177597	0	434	0	0	434
chr3	38284876	0	904	0	0	904
chr3	79767107	0	631	0	0	631
chr3	79767140	0	697	0	0	697
chr3	79767230	0	191	282	0	473
chr3	107382367	0	461	0	0	461
chr3	124684464	0	340	0	0	340
chr3	140454513	0	373	0	0	373
chr3	140454553	0	348	0	0	348
chr3	156415908	0	533	0	0	533
chr3	156415922	0	0	577	0	577
chr3	156415939	0	593	0	0	593
chr3	156415978	0	0	564	0	564
chr3	156497283	0	0	330	0	330
chr3	177567399	0	0	347	0	347
chr3	192811948	0	304	0	0	304
chr4	6459138	0	0	0	320	320
chr4	6459192	0	0	226	0	226
chr4	20521698	0	510	0	0	510
chr4	54733224	0	89	0	0	89
chr4	54733249	0	0	75	0	75
chr4	94932782	0	0	308	0	308
chr4	105236024	0	0	0	336	336
chr4	105236078	331	0	0	0	331
chr4	105237032	0	0	377	0	377
chr4	105276183	0	0	176	0	176
chr4	117369074	0	0	114	0	114
chr4	136881982	277	0	0	0	277
chr4	139722579	124	0	0	0	124
chr4	171825422	466	0	0	0	466
chr4	171825435	0	0	0	466	466
chr4	173533477	0	352	0	0	352
chr4	177840335	0	0	354	0	354
chr5	7476066	0	0	182	0	182
chr5	9516788	0	306	0	0	306
chr5	9516855	0	0	365	0	365
chr5	16081009	0	420	0	0	420
chr5	16081075	0	406	0	0	406
chr5	16799232	0	0	0	463	463
chr5	27027009	0	0	318	0	318
chr5	35909613	0	0	0	308	308
chr5	45580051	0	261	0	0	261
chr5	45580094	0	0	0	201	201
chr5	61368607	0	0	0	551	551
chr5	83179950	0	0	356	0	356
chr5	111118182	0	0	0	545	545
chr5	167685548	0	0	351	0	351
chr5	167685596	0	0	333	0	333
chr6	39208712	671	0	0	0	671
chr6	42424840	0	0	0	307	307
chr6	150236294	0	0	298	0	298
chr6	150236320	0	0	258	0	258
chr6	151284044	0	0	682	0	682
chr6	156879789	142	0	155	0	297
chr7	3517258	0	471	0	0	471
chr7	3884930	0	684	0	0	684
chr7	18892675	0	0	191	0	191
chr7	21816505	0	589	0	0	589
chr7	42022250	0	426	0	0	426
chr7	44239158	0	172	0	0	172
chr7	89114067	0	0	82	0	82
chr7	102898068	0	0	201	0	201
chr7	114443108	0	0	353	0	353
chr7	134248238	0	392	0	0	392
chr7	137819930	0	0	508	0	508
chr7	148807726	61	0	0	0	61
chr7	148809271	0	0	59	69	128
chr7	148809309	0	124	0	0	124
chr7	148810480	618	0	0	0	618
chr7	158031030	0	284	0	0	284
chr8	3088396	329	0	0	0	329
chr8	3088430	342	0	0	0	342
chr8	3172382	0	0	523	0	523
chr8	3172445	0	0	706	0	706
chr8	3172474	0	0	647	0	647
chr8	3721907	0	0	0	430	430
chr8	3721951	0	525	0	0	525
chr8	3721952	0	0	523	0	523
chr8	18185701	0	0	0	211	211
chr8	18185781	0	159	0	0	159
chr8	41850874	0	0	236	0	236
chr8	41850923	0	0	291	0	291
chr8	50190585	0	0	0	107	107
chr8	113312929	0	0	129	0	129
chr8	113401454	0	218	0	0	218
chr8	116852527	0	0	119	0	119
chr8	116852533	0	0	0	125	125
chr8	116852728	0	0	94	0	94
chr8	116854470	0	0	0	152	152
chr8	116856616	0	107	0	0	107
chr8	116861772	0	66	0	0	66
chr8	119785952	0	155	0	0	155
chr8	139698382	0	0	268	0	268
chr9	9252386	0	0	338	0	338
chr9	9555461	0	382	0	0	382
chr9	9555526	463	0	0	0	463
chr9	83971681	0	0	90	0	90
chr9	83971758	0	0	68	0	68
chr9	83977111	21	0	0	0	21
chr9	83977823	0	0	143	0	143
chr9	106598130	0	243	0	0	243
chr9	128395067	0	318	0	0	318
chrX	12288714	0	0	136	0	136
chrX	12288772	0	0	155	0	155
chrX	29747856	0	147	0	0	147
chrX	29747945	0	0	201	0	201
chrX	40053881	0	775	0	0	775
chrX	40053900	0	0	0	840	840
chrX	40062411	373	0	0	0	373
chrX	40062413	0	368	0	0	368
chrX	40062682	0	0	311	0	311
chrX	40073147	0	882	0	0	882
chrX	40073654	0	653	0	0	653
chrX	40074338	0	525	0	0	525
chrX	40074386	0	432	0	0	432
chrX	40075199	0	0	0	297	297
chrX	40077879	0	0	490	0	490
chrX	53399756	0	71	0	0	71
chrX	53409301	0	0	0	85	85
chrX	104593414	0	0	90	0	90
chrX	109378421	0	0	0	319	319
chrX	124061735	0	16	0	0	16
chrX	124063096	0	0	28	0	28
chrX	133881117	0	0	248	0	248
chrX	133881267	0	251	0	0	251
chrX	155099293	0	0	607	0	607
