#CHR	POS	Count_A	Count_C	Count_G	Count_T	Good_depth
chr1	1815818	0	11137	0	0	11137
chr1	8653318	0	0	0	5710	5710
chr1	20167244	0	8821	0	0	8821
chr1	20167324	0	0	10363	0	10363
chr1	33876224	0	0	10161	0	10161
chr1	57542614	9708	0	0	0	9708
chr1	75159324	8494	0	0	0	8494
chr1	80630582	0	7884	0	0	7884
chr1	80630603	0	0	7308	0	7308
chr1	103051998	0	8157	0	0	8157
chr1	175508637	0	10018	0	4	10022
chr1	184975264	0	9564	0	0	9564
chr1	184975334	0	9386	0	0	9386
chr1	190098243	9947	0	0	0	9947
chr1	190098282	0	0	0	10240	10240
chr1	190098591	0	0	9786	0	9786
chr1	190098939	0	0	9095	0	9095
chr1	190098984	0	0	9127	0	9127
chr1	190099008	0	9221	0	0	9221
chr1	190099032	0	9027	0	0	9027
chr1	190099044	0	9032	0	0	9032
chr1	190099080	0	0	8376	0	8376
chr1	190099212	0	5804	0	0	5804
chr1	190281556	0	0	8016	0	8016
chr1	190281684	0	8787	0	0	8787
chr1	229465267	6075	0	0	0	6075
chr1	229465351	0	8781	0	0	8781
chr10	25270158	0	0	0	8465	8465
chr10	35131703	7284	0	0	0	7284
chr10	62664688	0	0	10207	0	10207
chr10	62664778	0	8078	0	0	8078
chr10	75988441	0	0	8674	0	8674
chr10	87933321	0	0	4978	0	4978
chr10	110581852	0	0	5184	0	5184
chr10	119277962	0	0	10073	0	10073
chr10	122272127	0	4583	0	5059	9642
chr11	9060379	0	9009	0	0	9009
chr11	12452833	0	10042	0	3	10045
chr11	16448702	0	0	7535	0	7535
chr11	17742337	4911	0	0	0	4911
chr11	32392787	0	0	7156	0	7156
chr11	32396144	6562	0	0	0	6562
chr11	32396399	0	0	0	9909	9909
chr11	32396416	9670	0	0	0	9670
chr11	34495982	1	0	10250	0	10251
chr11	36153743	0	8011	0	0	8011
chr11	36153766	8896	0	0	0	8896
chr11	61104601	5034	5397	0	0	10431
chr11	61104628	0	0	10694	0	10694
chr11	72657733	1	10648	0	0	10649
chr11	82358712	0	0	0	4797	4797
chr11	82358771	4983	0	0	0	4983
chr11	99206526	0	7781	0	0	7781
chr11	99206616	7650	0	0	0	7650
chr11	99568750	0	0	5557	0	5557
chr11	99568754	0	0	5769	0	5769
chr11	108229136	0	0	4253	0	4253
chr11	108245051	0	0	0	7182	7182
chr11	108245084	5853	0	0	0	5853
chr11	108247163	0	7822	0	0	7822
chr11	108248903	0	0	1884	0	1884
chr11	108272618	0	0	9757	0	9757
chr11	108293534	6407	0	0	0	6407
chr11	108294907	8021	0	0	0	8021
chr11	108294944	0	9651	0	0	9651
chr11	108299649	5541	0	0	0	5541
chr11	108315981	0	10172	0	0	10172
chr11	108316068	0	10525	0	0	10525
chr11	108325269	0	1392	0	0	1392
chr11	108347366	0	0	8935	0	8935
chr11	131690353	0	10474	0	0	10474
chr11	132079459	0	9924	0	0	9924
chr12	25159938	0	0	0	3582	3582
chr12	26645162	0	9257	0	0	9257
chr12	79117344	0	0	8699	0	8699
chr12	80593442	0	7592	0	0	7592
chr12	80593453	0	0	7651	0	7651
chr12	109763658	0	0	9870	0	9870
chr12	109763732	0	0	9713	0	9713
chr12	125618336	0	0	9518	0	9518
chr12	131030691	0	0	9849	0	9849
chr12	131030749	3	0	10291	0	10294
chr12	131030808	0	9802	0	0	9802
chr13	28018409	0	0	0	7052	7052
chr13	29381579	0	6636	0	0	6636
chr13	42036066	0	0	4643	0	4643
chr13	42036103	0	0	6276	0	6276
chr13	42036182	5296	0	0	0	5296
chr13	60439455	0	0	7426	0	7426
chr13	60439481	0	0	7842	0	7842
chr13	85427587	0	0	0	8474	8474
chr13	101837480	0	0	5667	0	5667
chr13	107545680	0	9888	0	0	9888
chr13	107545683	0	10157	0	0	10157
chr13	107545767	0	8676	0	0	8676
chr14	38902662	0	9103	0	0	9103
chr14	67543416	0	0	6812	0	6812
chr14	76153957	0	0	0	8839	8839
chr14	99815833	0	0	9981	0	9981
chr14	99815847	0	0	10034	0	10034
chr15	27163121	0	5115	0	4925	10040
chr15	27791784	7707	0	0	0	7707
chr15	39607817	0	0	0	5454	5454
chr15	39607855	0	0	4280	0	4280
chr15	44013752	0	0	5127	0	5127
chr15	80115617	0	0	6807	0	6807
chr16	6034567	0	0	6839	0	6839
chr16	6379472	5347	0	0	0	5347
chr16	6379495	0	0	0	6490	6490
chr16	6379558	0	0	7486	0	7486
chr16	9910458	3704	0	0	0	3704
chr16	9910537	0	878	0	0	878
chr16	15724284	9870	0	0	0	9870
chr16	52568387	0	7603	0	0	7603
chr16	57370452	0	0	8299	0	8299
chr16	67612169	0	9849	0	0	9849
chr16	67616739	0	10579	0	0	10579
chr16	67616833	0	10551	0	0	10551
chr16	67626474	0	0	1255	0	1255
chr16	67628501	0	10298	0	0	10298
chr16	73386115	0	0	0	8752	8752
chr17	5834703	0	9513	0	3	9516
chr17	7669642	0	0	9156	0	9156
chr17	7673334	0	7528	0	0	7528
chr17	12621539	5752	0	0	0	5752
chr17	12621553	6128	0	0	0	6128
chr17	12621560	6503	0	0	0	6503
chr17	12621561	0	0	0	6555	6555
chr17	12621573	0	6733	0	0	6733
chr17	12621581	0	0	7032	0	7032
chr17	12621616	0	0	0	7460	7460
chr17	12621644	6614	0	0	0	6614
chr17	12621670	0	5449	0	0	5449
chr17	33287759	0	0	0	9249	9249
chr17	33287852	0	10196	0	0	10196
chr17	51067614	0	0	8442	0	8442
chr17	53823336	0	0	9551	0	9551
chr17	60656634	0	0	8889	0	8889
chr17	76737017	4296	0	4481	0	8777
chr18	4193945	5311	0	0	0	5311
chr18	7579194	0	7718	0	0	7718
chr18	7579277	8999	2	0	0	9001
chr18	7579294	8693	0	0	0	8693
chr18	27125186	0	0	5734	0	5734
chr18	32968861	0	0	0	5047	5047
chr18	35001079	0	0	6265	0	6265
chr18	50593212	0	0	10000	0	10000
chr18	58968498	0	4	0	10118	10122
chr18	58968538	0	10031	0	0	10031
chr18	62527782	0	0	7646	0	7646
chr18	69764027	0	10002	0	0	10002
chr18	74666435	0	5226	0	4824	10050
chr19	29509552	0	10647	0	0	10647
chr19	30530958	0	0	10086	0	10086
chr19	30530988	0	10005	0	2	10007
chr19	32773283	0	10155	0	3	10158
chr19	33301659	0	4576	0	0	4576
chr19	33301722	0	0	3715	0	3715
chr19	33302244	0	6965	0	0	6965
chr19	44782295	0	8271	0	0	8271
chr2	1154666	8131	0	0	0	8131
chr2	1742901	0	0	9506	0	9506
chr2	1742960	0	1	0	9758	9759
chr2	10406422	0	0	10071	0	10071
chr2	10406468	0	10219	0	2	10221
chr2	10406503	0	0	10318	0	10318
chr2	15329045	0	2755	0	3451	6206
chr2	15329122	0	2	0	8943	8945
chr2	25235677	0	7803	0	0	7803
chr2	25236935	0	9636	0	0	9636
chr2	25237072	0	8148	0	0	8148
chr2	25240614	0	0	9700	0	9700
chr2	25244019	0	0	9484	0	9484
chr2	25245214	0	0	9986	0	9986
chr2	25246633	0	10188	0	0	10188
chr2	25246787	10165	0	0	0	10165
chr2	25247044	0	10001	0	0	10001
chr2	25247639	10225	0	0	0	10225
chr2	25247790	0	0	9943	0	9943
chr2	26629636	0	0	9513	0	9513
chr2	98389058	0	0	10573	0	10573
chr2	132582244	0	0	8898	0	8898
chr2	133060506	0	0	7115	0	7115
chr2	145061824	8988	0	2	0	8990
chr2	162614954	4358	0	0	0	4358
chr2	162614972	4981	0	0	0	4981
chr2	162615021	0	6237	0	0	6237
chr2	173947911	0	0	0	9325	9325
chr20	83148	0	0	9558	0	9558
chr20	83158	0	4767	0	4381	9148
chr20	14300177	0	7695	0	0	7695
chr20	14300230	0	0	9275	0	9275
chr20	17433202	0	9309	0	0	9309
chr20	17433203	0	0	9196	0	9196
chr20	17438980	0	0	10141	0	10141
chr20	17438999	0	0	0	10488	10488
chr20	17439070	0	8393	0	0	8393
chr20	32436288	0	0	10121	0	10121
chr20	37048217	0	10536	0	0	10536
chr20	42445130	0	0	9605	0	9605
chr20	43031194	0	10329	0	0	10329
chr20	46026997	0	0	9817	0	9817
chr21	32724643	0	0	0	3215	3215
chr21	34859490	0	8212	0	0	8212
chr21	34859553	8147	0	0	0	8147
chr22	23146855	8143	0	0	0	8143
chr22	28688034	0	1	0	4949	4950
chr22	28688046	4597	0	5	0	4602
chr22	28688052	5	0	4248	0	4253
chr22	28689180	0	1438	0	0	1438
chr22	28725419	0	0	7769	0	7769
chr22	32446726	9685	0	0	0	9685
chr22	32446740	0	0	9646	0	9646
chr22	36632626	4	0	0	8325	8329
chr22	39588816	0	9891	0	0	9891
chr22	50177597	0	9933	0	0	9933
chr3	38284876	0	10405	0	0	10405
chr3	79767107	0	9554	0	0	9554
chr3	79767140	0	5023	0	4627	9650
chr3	79767230	0	4062	4179	0	8241
chr3	107382367	0	9281	0	0	9281
chr3	124684464	0	10015	0	0	10015
chr3	140454513	0	9217	0	1	9218
chr3	140454553	0	8532	0	0	8532
chr3	156415908	0	10290	0	0	10290
chr3	156415922	0	0	10676	0	10676
chr3	156415939	0	10705	0	1	10706
chr3	156415978	0	0	10448	0	10448
chr3	156497283	0	0	9677	0	9677
chr3	177567399	0	0	3889	3202	7091
chr3	192811948	0	9007	0	0	9007
chr4	6459138	0	0	0	9641	9641
chr4	6459192	0	0	7770	0	7770
chr4	20521698	0	9561	0	0	9561
chr4	54733224	0	6432	0	0	6432
chr4	54733249	0	0	5435	0	5435
chr4	94932782	1	0	6940	0	6941
chr4	105236024	0	0	0	10154	10154
chr4	105236078	10484	0	0	0	10484
chr4	105237032	0	0	10180	0	10180
chr4	105276183	0	0	10015	0	10015
chr4	117369074	0	0	4411	0	4411
chr4	136881982	6848	0	0	0	6848
chr4	139722579	8081	0	0	0	8081
chr4	171825422	0	0	7356	0	7356
chr4	171825435	0	0	0	7678	7678
chr4	173533477	0	9163	0	0	9163
chr4	177840335	2	0	8715	0	8717
chr5	7476066	1	0	7343	0	7344
chr5	9516788	0	9413	0	0	9413
chr5	9516855	3	0	10003	0	10006
chr5	16081009	0	9732	0	0	9732
chr5	16081075	0	8814	0	0	8814
chr5	16799232	0	0	0	8795	8795
chr5	27027009	1	0	6764	0	6765
chr5	35909613	0	0	0	8672	8672
chr5	45580051	0	8893	0	0	8893
chr5	45580094	0	0	0	7212	7212
chr5	61368607	0	0	0	9127	9127
chr5	83179950	0	0	8573	0	8573
chr5	111118182	0	0	0	9943	9943
chr5	167685548	0	0	9416	0	9416
chr5	167685596	4007	0	4465	0	8472
chr6	39208712	10232	0	0	6	10238
chr6	42424840	0	4249	0	3597	7846
chr6	150236294	4274	0	4596	0	8870
chr6	150236320	0	0	8121	0	8121
chr6	151284044	2	0	10158	0	10160
chr6	156879789	0	0	8526	0	8526
chr7	3517258	0	6437	0	0	6437
chr7	3884930	0	10263	0	1	10264
chr7	18892675	0	0	8123	0	8123
chr7	21816505	0	9393	0	0	9393
chr7	42022250	0	9428	0	0	9428
chr7	44239158	0	9579	0	1	9580
chr7	89114067	0	0	4421	0	4421
chr7	102898068	5611	0	0	0	5611
chr7	114443108	0	0	8860	0	8860
chr7	134248238	0	8910	0	0	8910
chr7	137819930	0	0	9088	0	9088
chr7	148807726	5494	0	0	0	5494
chr7	148809271	0	0	4144	4466	8610
chr7	148809309	0	8335	0	0	8335
chr7	148810480	8296	0	0	0	8296
chr7	158031030	0	10186	0	0	10186
chr8	3088396	8574	0	0	0	8574
chr8	3088430	8985	0	0	4	8989
chr8	3172382	0	0	8443	0	8443
chr8	3172445	1	0	9808	0	9809
chr8	3172474	0	0	9155	0	9155
chr8	3721907	0	0	0	9258	9258
chr8	3721951	0	9698	0	0	9698
chr8	3721952	0	0	9561	0	9561
chr8	18185701	0	1	0	5200	5201
chr8	18185781	0	3674	0	0	3674
chr8	41850874	0	0	9980	0	9980
chr8	41850923	4	0	10121	0	10125
chr8	50190585	0	0	0	5552	5552
chr8	113312929	0	0	5468	0	5468
chr8	113401454	0	6297	0	0	6297
chr8	116852527	0	0	6970	0	6970
chr8	116852533	0	0	0	7074	7074
chr8	116852728	0	0	2181	0	2181
chr8	116854470	0	0	0	7814	7814
chr8	116856616	0	7728	0	0	7728
chr8	116861772	0	4230	0	0	4230
chr8	119785952	0	5797	0	0	5797
chr8	139698382	0	0	9086	0	9086
chr9	9252386	0	0	8567	0	8567
chr9	9555461	0	6360	0	0	6360
chr9	9555526	8597	0	3	0	8600
chr9	83971681	0	0	6465	0	6465
chr9	83971758	0	0	6097	0	6097
chr9	83977111	1939	0	1667	0	3606
chr9	83977823	0	0	8771	0	8771
chr9	106598130	0	5417	0	0	5417
chr9	128395067	0	9772	0	0	9772
chrX	12288714	0	0	4523	0	4523
chrX	12288772	0	0	4968	0	4968
chrX	29747856	0	4083	0	0	4083
chrX	29747945	1	0	4678	0	4679
chrX	40053881	0	5459	0	0	5459
chrX	40053900	0	0	0	5564	5564
chrX	40062411	5055	0	0	0	5055
chrX	40062413	0	4895	0	0	4895
chrX	40062682	0	0	5226	0	5226
chrX	40073147	0	5185	0	0	5185
chrX	40073654	0	0	0	5418	5418
chrX	40074338	0	5409	0	0	5409
chrX	40074386	0	5561	0	0	5561
chrX	40075199	0	2	0	4363	4365
chrX	40077879	0	0	5098	0	5098
chrX	53399756	0	3922	0	0	3922
chrX	53409301	0	0	0	4732	4732
chrX	104593414	0	0	4607	0	4607
chrX	109378421	0	0	0	4557	4557
chrX	124061735	0	1005	0	0	1005
chrX	124063096	0	0	3040	0	3040
chrX	133881117	0	0	4265	0	4265
chrX	133881267	0	4075	0	0	4075
chrX	155099293	0	0	4514	0	4514
