#CHR	POS	Count_A	Count_C	Count_G	Count_T	Good_depth
chr1	1815818	0	14761	0	0	14761
chr1	8653318	0	0	0	8629	8629
chr1	20167244	0	11806	0	0	11806
chr1	20167324	0	0	13918	0	13918
chr1	33876224	0	0	13645	0	13645
chr1	57542614	13437	0	0	0	13437
chr1	75159324	12150	0	0	0	12150
chr1	80630582	0	11351	0	0	11351
chr1	80630603	0	0	10453	0	10453
chr1	103051998	0	11406	0	0	11406
chr1	175508637	0	13528	0	0	13528
chr1	184975264	0	13249	0	0	13249
chr1	184975334	0	12894	0	0	12894
chr1	190098243	13725	0	0	0	13725
chr1	190098282	0	0	0	13936	13936
chr1	190098591	0	0	13366	0	13366
chr1	190098939	0	0	12422	0	12422
chr1	190098984	2	0	12532	0	12534
chr1	190099008	0	12668	0	0	12668
chr1	190099032	0	12320	0	0	12320
chr1	190099044	0	12305	0	0	12305
chr1	190099080	1	0	11581	0	11582
chr1	190099212	0	8480	0	0	8480
chr1	190281556	0	0	11231	0	11231
chr1	190281684	0	12512	0	0	12512
chr1	229465267	0	9816	0	0	9816
chr1	229465351	0	12467	0	0	12467
chr10	25270158	0	0	0	12156	12156
chr10	35131703	10353	0	0	0	10353
chr10	62664688	0	0	13651	0	13651
chr10	62664778	0	10947	0	0	10947
chr10	75988441	0	0	12088	0	12088
chr10	87933321	0	0	7427	0	7427
chr10	110581852	0	0	7480	0	7480
chr10	119277962	0	0	14008	0	14008
chr10	122272127	0	0	0	13838	13838
chr11	9060379	0	12220	0	0	12220
chr11	12452833	0	13268	0	0	13268
chr11	16448702	0	0	11041	0	11041
chr11	17742337	6526	1	0	0	6527
chr11	32392787	0	0	5229	4761	9990
chr11	32396144	9516	0	0	0	9516
chr11	32396399	0	0	0	13827	13827
chr11	32396416	13555	0	0	0	13555
chr11	34495982	0	0	13751	0	13751
chr11	36153743	0	10768	0	0	10768
chr11	36153766	12059	0	0	0	12059
chr11	61104601	6683	7082	0	0	13765
chr11	61104628	0	0	14036	0	14036
chr11	72657733	0	14304	0	0	14304
chr11	82358712	0	0	0	7319	7319
chr11	82358771	7517	0	0	0	7517
chr11	99206526	0	11345	0	0	11345
chr11	99206616	10908	0	0	0	10908
chr11	99568750	1	0	8199	0	8200
chr11	99568754	0	0	8486	0	8486
chr11	108229136	0	0	6497	0	6497
chr11	108245051	0	0	0	10002	10002
chr11	108245084	8182	0	0	0	8182
chr11	108247163	0	10720	0	0	10720
chr11	108248903	1	0	2635	0	2636
chr11	108272618	0	0	13728	0	13728
chr11	108293534	8886	0	0	0	8886
chr11	108294907	11376	0	0	0	11376
chr11	108294944	0	13754	0	0	13754
chr11	108299649	8075	0	0	0	8075
chr11	108315981	0	14013	0	0	14013
chr11	108316068	0	14453	0	0	14453
chr11	108325269	0	2075	0	0	2075
chr11	108347366	0	0	12700	0	12700
chr11	131690353	0	14205	0	0	14205
chr11	132079459	0	13722	1	0	13723
chr12	25159938	0	0	0	5289	5289
chr12	26645162	0	0	0	13165	13165
chr12	79117344	0	0	12028	0	12028
chr12	80593442	0	11234	0	0	11234
chr12	80593453	0	0	11365	0	11365
chr12	109763658	0	0	13475	0	13475
chr12	109763732	0	0	13381	0	13381
chr12	125618336	0	0	13246	0	13246
chr12	131030691	0	0	13100	0	13100
chr12	131030749	0	0	13534	0	13534
chr12	131030808	2	12840	0	0	12842
chr13	28018409	0	0	0	10358	10358
chr13	29381579	0	8971	0	0	8971
chr13	42036066	0	0	7018	0	7018
chr13	42036103	0	0	9356	0	9356
chr13	42036182	7774	0	0	0	7774
chr13	60439455	0	0	11018	0	11018
chr13	60439481	0	0	11441	0	11441
chr13	85427587	0	0	0	12354	12354
chr13	101837480	0	0	8324	0	8324
chr13	107545680	0	13644	0	0	13644
chr13	107545683	0	13951	0	0	13951
chr13	107545767	0	12001	0	0	12001
chr14	38902662	0	12675	0	0	12675
chr14	67543416	0	0	9746	0	9746
chr14	76153957	0	0	0	12482	12482
chr14	99815833	0	0	13687	0	13687
chr14	99815847	0	0	13798	0	13798
chr15	27163121	0	6835	0	6433	13268
chr15	27791784	11440	0	0	0	11440
chr15	39607817	0	0	0	8158	8158
chr15	39607855	0	0	6388	0	6388
chr15	44013752	0	0	7449	0	7449
chr15	80115617	0	0	9954	0	9954
chr16	6034567	0	0	10005	0	10005
chr16	6379472	7917	0	0	0	7917
chr16	6379495	0	0	0	9410	9410
chr16	6379558	0	0	10647	0	10647
chr16	9910458	5465	0	0	0	5465
chr16	9910537	0	1289	0	0	1289
chr16	15724284	13503	0	0	0	13503
chr16	52568387	0	11017	0	0	11017
chr16	57370452	0	0	11696	0	11696
chr16	67612169	0	13848	0	0	13848
chr16	67616739	0	14061	0	0	14061
chr16	67616833	0	14074	0	0	14074
chr16	67626474	2	0	1686	0	1688
chr16	67628501	0	13930	0	1	13931
chr16	73386115	0	0	0	12126	12126
chr17	5834703	0	13210	0	0	13210
chr17	7669642	0	0	12674	0	12674
chr17	7673334	0	10284	0	0	10284
chr17	12621539	4037	0	3233	0	7270
chr17	12621553	8216	0	0	0	8216
chr17	12621560	8721	0	0	0	8721
chr17	12621561	0	0	0	8834	8834
chr17	12621573	0	9126	0	0	9126
chr17	12621581	0	0	9659	0	9659
chr17	12621616	0	0	0	10871	10871
chr17	12621644	9499	0	0	2	9501
chr17	12621670	0	8038	0	0	8038
chr17	33287759	12626	0	0	0	12626
chr17	33287852	0	13777	0	0	13777
chr17	51067614	0	0	12162	0	12162
chr17	53823336	1	0	12958	0	12959
chr17	60656634	0	0	12595	0	12595
chr17	76737017	0	0	11512	0	11512
chr18	4193945	7413	0	0	0	7413
chr18	7579194	0	11040	0	0	11040
chr18	7579277	12743	0	0	0	12743
chr18	7579294	12319	0	0	0	12319
chr18	27125186	0	0	8829	0	8829
chr18	32968861	0	0	0	7659	7659
chr18	35001079	0	0	9685	0	9685
chr18	50593212	0	0	13702	0	13702
chr18	58968498	0	0	0	13814	13814
chr18	58968538	0	13869	0	0	13869
chr18	62527782	0	0	11054	0	11054
chr18	69764027	0	13987	0	0	13987
chr18	74666435	0	14227	0	0	14227
chr19	29509552	0	14211	0	0	14211
chr19	30530958	0	0	13658	0	13658
chr19	30530988	0	13730	0	0	13730
chr19	32773283	0	14003	0	0	14003
chr19	33301659	0	8240	0	0	8240
chr19	33301722	0	0	7392	0	7392
chr19	33302244	0	9045	0	0	9045
chr19	44782295	0	10904	0	0	10904
chr2	1154666	11750	0	0	0	11750
chr2	1742901	0	0	12462	0	12462
chr2	1742960	0	0	0	12785	12785
chr2	10406422	0	0	13391	0	13391
chr2	10406468	0	13685	0	0	13685
chr2	10406503	2	0	13797	0	13799
chr2	15329045	0	0	0	9400	9400
chr2	15329122	0	0	0	12619	12619
chr2	25235677	0	5762	0	5404	11166
chr2	25236935	0	12919	0	0	12919
chr2	25237072	0	11290	0	0	11290
chr2	25240614	0	0	12503	0	12503
chr2	25244019	0	0	6232	5935	12167
chr2	25245214	0	0	13156	0	13156
chr2	25246633	0	13492	0	0	13492
chr2	25246787	12960	0	0	0	12960
chr2	25247044	0	6606	0	6015	12621
chr2	25247639	13596	0	0	0	13596
chr2	25247790	0	0	12600	0	12600
chr2	26629636	0	0	12912	0	12912
chr2	98389058	0	0	14341	0	14341
chr2	132582244	0	0	12462	0	12462
chr2	133060506	0	0	10276	0	10276
chr2	145061824	12685	0	0	0	12685
chr2	162614954	6406	0	0	0	6406
chr2	162614972	7412	0	0	0	7412
chr2	162615021	0	9448	0	0	9448
chr2	173947911	0	0	0	13294	13294
chr20	83148	0	0	12895	0	12895
chr20	83158	0	6594	0	5768	12362
chr20	14300177	0	10898	0	0	10898
chr20	14300230	0	0	13002	0	13002
chr20	17433202	0	13291	0	0	13291
chr20	17433203	0	0	13096	0	13096
chr20	17438980	0	0	13488	0	13488
chr20	17438999	0	0	0	13841	13841
chr20	17439070	0	11107	0	0	11107
chr20	32436288	0	0	13661	0	13661
chr20	37048217	0	14333	0	0	14333
chr20	42445130	0	0	13324	0	13324
chr20	43031194	0	14144	0	0	14144
chr20	46026997	0	0	13735	0	13735
chr21	32724643	0	2412	0	2963	5375
chr21	34859490	0	11365	0	0	11365
chr21	34859553	11262	0	0	0	11262
chr22	23146855	11120	0	0	0	11120
chr22	28688034	0	0	0	7548	7548
chr22	28688046	6874	0	2	0	6876
chr22	28688052	2	0	6430	0	6432
chr22	28689180	0	2976	2	0	2978
chr22	28725419	0	0	10674	0	10674
chr22	32446726	13513	0	0	0	13513
chr22	32446740	0	0	13479	0	13479
chr22	36632626	0	0	0	11622	11622
chr22	39588816	0	13281	0	0	13281
chr22	50177597	0	12638	0	0	12638
chr3	38284876	0	14328	0	0	14328
chr3	79767107	0	12840	0	0	12840
chr3	79767140	0	13168	0	0	13168
chr3	79767230	0	0	11190	0	11190
chr3	107382367	0	13088	0	0	13088
chr3	124684464	0	13470	0	0	13470
chr3	140454513	0	13118	0	0	13118
chr3	140454553	0	12093	0	0	12093
chr3	156415908	0	13463	0	0	13463
chr3	156415922	0	0	14152	0	14152
chr3	156415939	0	14085	0	0	14085
chr3	156415978	0	0	14071	0	14071
chr3	156497283	0	0	13496	0	13496
chr3	177567399	0	0	10412	0	10412
chr3	192811948	0	12756	0	0	12756
chr4	6459138	0	0	0	13746	13746
chr4	6459192	0	0	11075	0	11075
chr4	20521698	0	13354	0	0	13354
chr4	54733224	0	9892	0	0	9892
chr4	54733249	0	0	8503	0	8503
chr4	94932782	0	0	10071	0	10071
chr4	105236024	0	0	0	13516	13516
chr4	105236078	13827	0	0	0	13827
chr4	105237032	0	0	13630	0	13630
chr4	105276183	2	0	13261	0	13263
chr4	117369074	0	0	7660	0	7660
chr4	136881982	10042	0	0	0	10042
chr4	139722579	11993	0	0	0	11993
chr4	171825422	12752	0	0	0	12752
chr4	171825435	0	0	0	12523	12523
chr4	173533477	0	12745	0	0	12745
chr4	177840335	0	0	12725	0	12725
chr5	7476066	1	0	10319	0	10320
chr5	9516788	0	12916	0	0	12916
chr5	9516855	0	0	13609	0	13609
chr5	16081009	0	13508	0	0	13508
chr5	16081075	0	12231	0	0	12231
chr5	16799232	0	0	0	12291	12291
chr5	27027009	0	0	10011	0	10011
chr5	35909613	1	0	0	12296	12297
chr5	45580051	0	12702	0	0	12702
chr5	45580094	0	0	0	10398	10398
chr5	61368607	0	0	0	12694	12694
chr5	83179950	0	0	12256	0	12256
chr5	111118182	0	0	0	13853	13853
chr5	167685548	0	0	13343	0	13343
chr5	167685596	0	0	12235	0	12235
chr6	39208712	13548	0	0	0	13548
chr6	42424840	0	5825	0	5089	10914
chr6	150236294	0	0	13012	0	13012
chr6	150236320	0	0	11735	0	11735
chr6	151284044	0	0	13984	0	13984
chr6	156879789	5612	0	6248	0	11860
chr7	3517258	0	9236	0	0	9236
chr7	3884930	0	14089	0	0	14089
chr7	18892675	0	0	11684	0	11684
chr7	21816505	0	13133	0	0	13133
chr7	42022250	0	13306	0	0	13306
chr7	44239158	0	12621	0	2	12623
chr7	89114067	0	0	6851	0	6851
chr7	102898068	8466	0	0	0	8466
chr7	114443108	0	0	12488	0	12488
chr7	134248238	0	12513	0	0	12513
chr7	137819930	0	0	12719	0	12719
chr7	148807726	7441	0	0	0	7441
chr7	148809271	0	0	5581	6305	11886
chr7	148809309	0	11605	0	0	11605
chr7	148810480	11258	0	1	0	11259
chr7	158031030	0	13724	0	0	13724
chr8	3088396	11599	0	0	0	11599
chr8	3088430	12159	0	0	0	12159
chr8	3172382	0	0	11429	0	11429
chr8	3172445	0	0	13371	0	13371
chr8	3172474	0	0	12573	0	12573
chr8	3721907	0	0	0	13369	13369
chr8	3721951	0	13598	0	0	13598
chr8	3721952	0	0	13317	0	13317
chr8	18185701	0	0	0	7467	7467
chr8	18185781	0	5316	0	0	5316
chr8	41850874	0	0	13583	0	13583
chr8	41850923	0	0	13865	0	13865
chr8	50190585	0	0	0	7923	7923
chr8	113312929	0	0	8341	0	8341
chr8	113401454	0	9338	0	0	9338
chr8	116852527	0	0	10069	0	10069
chr8	116852533	0	1	0	10241	10242
chr8	116852728	0	0	3638	0	3638
chr8	116854470	0	0	0	11071	11071
chr8	116856616	0	11253	0	0	11253
chr8	116861772	0	6171	0	1	6172
chr8	119785952	0	8352	0	0	8352
chr8	139698382	0	0	11890	0	11890
chr9	9252386	2	0	12364	0	12366
chr9	9555461	0	9262	0	0	9262
chr9	9555526	12498	0	0	0	12498
chr9	83971681	0	0	9542	0	9542
chr9	83971758	0	0	8979	0	8979
chr9	83977111	5353	0	0	0	5353
chr9	83977823	0	0	12381	0	12381
chr9	106598130	0	7711	0	0	7711
chr9	128395067	0	13073	0	0	13073
chrX	12288714	0	4	11836	0	11840
chrX	12288772	0	0	13239	0	13239
chrX	29747856	0	10070	0	0	10070
chrX	29747945	0	0	11700	0	11700
chrX	40053881	0	13837	0	0	13837
chrX	40053900	0	0	0	14200	14200
chrX	40062411	12607	0	0	0	12607
chrX	40062413	0	12198	0	1	12199
chrX	40062682	2	0	13320	0	13322
chrX	40073147	0	13959	0	0	13959
chrX	40073654	0	6704	0	6920	13624
chrX	40074338	0	13298	0	1	13299
chrX	40074386	0	13672	0	0	13672
chrX	40075199	0	0	0	11165	11165
chrX	40077879	0	0	13631	0	13631
chrX	53399756	0	8868	0	0	8868
chrX	53409301	0	0	0	11256	11256
chrX	104593414	0	0	11646	0	11646
chrX	109378421	0	0	0	12641	12641
chrX	124061735	0	2339	0	0	2339
chrX	124063096	0	0	6185	0	6185
chrX	133881117	0	0	11488	0	11488
chrX	133881267	0	11007	0	0	11007
chrX	155099293	0	0	10638	0	10638
