#CHR	POS	Count_A	Count_C	Count_G	Count_T	Good_depth
chr1	1815818	0	15218	0	2	15220
chr1	8653318	0	0	0	12861	12861
chr1	20167244	0	11349	0	0	11349
chr1	20167324	0	0	13055	0	13055
chr1	33876224	0	0	14482	0	14482
chr1	57542614	0	15236	0	0	15236
chr1	75159324	15670	0	0	0	15670
chr1	80630582	1	17907	0	0	17908
chr1	80630603	0	0	16955	0	16955
chr1	103051998	0	16562	0	0	16562
chr1	175508637	0	14878	0	0	14878
chr1	184975264	0	17640	0	0	17640
chr1	184975334	0	17681	0	0	17681
chr1	190098243	15033	0	0	0	15033
chr1	190098282	0	0	0	15636	15636
chr1	190098591	9	0	13650	0	13659
chr1	190098939	0	0	12600	0	12600
chr1	190098984	0	0	13304	0	13304
chr1	190099008	0	13534	0	0	13534
chr1	190099032	0	13407	0	2	13409
chr1	190099044	0	13751	0	0	13751
chr1	190099080	0	0	13168	0	13168
chr1	190099212	1	13879	0	0	13880
chr1	190281556	0	0	15429	0	15429
chr1	190281684	0	16554	0	0	16554
chr1	229465267	6021	7358	0	0	13379
chr1	229465351	0	18444	0	0	18444
chr10	25270158	0	0	0	15840	15840
chr10	35131703	17291	0	0	0	17291
chr10	62664688	0	0	16259	0	16259
chr10	62664778	0	14211	0	0	14211
chr10	75988441	0	0	12563	0	12563
chr10	87933321	0	0	13594	0	13594
chr10	110581852	0	0	12170	0	12170
chr10	119277962	0	0	17720	0	17720
chr10	122272127	0	6875	0	7623	14498
chr11	9060379	0	13635	0	0	13635
chr11	12452833	0	11723	0	0	11723
chr11	16448702	11	0	16707	0	16718
chr11	17742337	5638	1	0	0	5639
chr11	32392787	0	0	12329	0	12329
chr11	32396144	10646	0	0	0	10646
chr11	32396399	0	0	0	13686	13686
chr11	32396416	13770	0	0	0	13770
chr11	34495982	0	0	12115	0	12115
chr11	36153743	0	12856	0	0	12856
chr11	36153766	14135	0	0	0	14135
chr11	61104601	0	12670	0	0	12670
chr11	61104628	0	0	12626	0	12626
chr11	72657733	0	13178	0	0	13178
chr11	82358712	0	0	0	12168	12168
chr11	82358771	12977	0	0	0	12977
chr11	99206526	0	14876	0	0	14876
chr11	99206616	14429	0	0	0	14429
chr11	99568750	0	0	12732	0	12732
chr11	99568754	0	0	13246	0	13246
chr11	108229136	0	0	10562	0	10562
chr11	108245051	0	0	0	14934	14934
chr11	108245084	12006	0	0	0	12006
chr11	108247163	0	16698	0	0	16698
chr11	108248903	0	0	4997	0	4997
chr11	108272618	0	0	19651	0	19651
chr11	108293534	11720	0	0	0	11720
chr11	108294907	15268	0	0	0	15268
chr11	108294944	0	17517	0	0	17517
chr11	108299649	11220	0	0	0	11220
chr11	108315981	2	17968	0	0	17970
chr11	108316068	1	17708	0	3	17712
chr11	108325269	0	2828	0	0	2828
chr11	108347366	0	0	17104	0	17104
chr11	131690353	0	13209	0	0	13209
chr11	132079459	0	16807	0	0	16807
chr12	25159938	0	0	0	9669	9669
chr12	26645162	0	6801	0	7122	13923
chr12	79117344	1	0	14927	0	14928
chr12	80593442	0	18179	0	0	18179
chr12	80593453	0	0	18019	2	18021
chr12	109763658	0	0	13915	0	13915
chr12	109763732	0	0	13087	0	13087
chr12	125618336	0	0	13805	0	13805
chr12	131030691	0	0	12728	0	12728
chr12	131030749	0	0	12969	0	12969
chr12	131030808	0	12853	0	0	12853
chr13	28018409	0	0	0	15102	15102
chr13	29381579	1	13576	0	0	13577
chr13	42036066	0	0	11740	0	11740
chr13	42036103	0	0	15535	0	15535
chr13	42036182	13316	0	0	0	13316
chr13	60439455	0	0	17791	0	17791
chr13	60439481	0	0	1	17561	17562
chr13	85427587	0	0	0	17001	17001
chr13	101837480	1	0	12452	0	12453
chr13	107545680	0	14400	0	0	14400
chr13	107545683	0	14827	0	1	14828
chr13	107545767	0	13909	0	0	13909
chr14	38902662	0	15165	0	0	15165
chr14	67543416	2	0	12428	0	12430
chr14	76153957	0	0	0	17868	17868
chr14	99815833	0	0	15780	0	15780
chr14	99815847	7652	0	7923	0	15575
chr15	27163121	0	12216	0	2	12218
chr15	27791784	14869	0	0	0	14869
chr15	39607817	0	0	0	13690	13690
chr15	39607855	0	0	10699	0	10699
chr15	44013752	0	0	10292	0	10292
chr15	80115617	0	0	14328	0	14328
chr16	6034567	0	0	11890	0	11890
chr16	6379472	8454	0	0	0	8454
chr16	6379495	0	0	0	9874	9874
chr16	6379558	0	0	11187	0	11187
chr16	9910458	8448	0	0	0	8448
chr16	9910537	0	1991	0	2	1993
chr16	15724284	2	11551	0	0	11553
chr16	52568387	0	14417	0	0	14417
chr16	57370452	0	0	12504	0	12504
chr16	67612169	2	17234	0	0	17236
chr16	67616739	0	16448	0	0	16448
chr16	67616833	0	16509	0	0	16509
chr16	67626474	2	0	2447	0	2449
chr16	67628501	0	14806	0	1	14807
chr16	73386115	0	7151	0	7791	14942
chr17	5834703	0	16501	0	0	16501
chr17	7669642	0	0	13446	0	13446
chr17	7673334	0	11878	0	0	11878
chr17	12621539	12421	0	0	0	12421
chr17	12621553	13133	0	0	0	13133
chr17	12621560	14047	0	0	0	14047
chr17	12621561	0	0	0	14122	14122
chr17	12621573	0	14842	0	0	14842
chr17	12621581	0	0	7810	7264	15074
chr17	12621616	0	0	0	16432	16432
chr17	12621644	14465	0	0	0	14465
chr17	12621670	0	6152	0	6222	12374
chr17	33287759	11391	0	0	0	11391
chr17	33287852	0	12689	0	0	12689
chr17	51067614	0	0	17633	1	17634
chr17	53823336	0	0	11201	0	11201
chr17	60656634	0	1	16506	0	16507
chr17	76737017	1	0	9080	0	9081
chr18	4193945	11060	0	0	0	11060
chr18	7579194	0	15262	0	0	15262
chr18	7579277	16771	0	0	0	16771
chr18	7579294	16431	0	0	0	16431
chr18	27125186	0	0	14415	0	14415
chr18	32968861	0	0	0	13019	13019
chr18	35001079	0	0	14338	0	14338
chr18	50593212	0	0	16332	0	16332
chr18	58968498	0	0	0	13380	13380
chr18	58968538	0	13351	0	0	13351
chr18	62527782	0	0	17365	0	17365
chr18	69764027	0	17042	0	0	17042
chr18	74666435	0	8029	0	7539	15568
chr19	29509552	0	18001	0	2	18003
chr19	30530958	0	0	12469	0	12469
chr19	30530988	0	12771	0	0	12771
chr19	32773283	0	16250	0	0	16250
chr19	33301659	0	2582	0	0	2582
chr19	33301722	0	0	2008	0	2008
chr19	33302244	0	5010	0	0	5010
chr19	44782295	0	9442	0	1	9443
chr2	1154666	15888	0	0	0	15888
chr2	1742901	0	0	10453	0	10453
chr2	1742960	0	0	0	10360	10360
chr2	10406422	0	0	13075	0	13075
chr2	10406468	0	13335	0	0	13335
chr2	10406503	0	0	13335	0	13335
chr2	15329045	0	5025	0	6129	11154
chr2	15329122	0	0	0	16185	16185
chr2	25235677	0	6286	0	6048	12334
chr2	25236935	0	11116	0	0	11116
chr2	25237072	0	11782	0	0	11782
chr2	25240614	0	0	12148	0	12148
chr2	25244019	0	0	5053	4866	9919
chr2	25245214	0	0	10326	0	10326
chr2	25246633	0	9368	0	0	9368
chr2	25246787	9087	0	0	0	9087
chr2	25247044	0	5329	0	4919	10248
chr2	25247639	10166	0	0	0	10166
chr2	25247790	1	0	9250	0	9251
chr2	26629636	0	0	12053	0	12053
chr2	98389058	0	0	14290	0	14290
chr2	132582244	0	0	15497	0	15497
chr2	133060506	6	0	14520	0	14526
chr2	145061824	18508	0	0	0	18508
chr2	162614954	10191	0	0	0	10191
chr2	162614972	12144	0	0	0	12144
chr2	162615021	0	16190	0	5	16195
chr2	173947911	0	0	0	19098	19098
chr20	83148	0	0	15091	0	15091
chr20	83158	0	7546	0	7061	14607
chr20	14300177	1	15227	0	2	15230
chr20	14300230	0	0	18177	0	18177
chr20	17433202	0	17372	0	0	17372
chr20	17433203	0	0	17221	0	17221
chr20	17438980	1	0	13325	0	13326
chr20	17438999	0	0	0	13945	13945
chr20	17439070	0	10863	0	0	10863
chr20	32436288	0	0	14695	0	14695
chr20	37048217	0	17448	0	0	17448
chr20	42445130	0	0	16029	0	16029
chr20	43031194	0	13679	0	0	13679
chr20	46026997	0	0	17050	0	17050
chr21	32724643	0	4586	0	5570	10156
chr21	34859490	0	14039	0	0	14039
chr21	34859553	15405	0	0	0	15405
chr22	23146855	0	0	12483	0	12483
chr22	28688034	0	0	0	11427	11427
chr22	28688046	10799	0	0	0	10799
chr22	28688052	0	0	10456	0	10456
chr22	28689180	0	8008	0	0	8008
chr22	28725419	0	0	13167	0	13167
chr22	32446726	18477	0	0	0	18477
chr22	32446740	0	0	18517	0	18517
chr22	36632626	0	0	0	14100	14100
chr22	39588816	0	12884	0	0	12884
chr22	50177597	0	12714	0	1	12715
chr3	38284876	1	15926	0	10	15937
chr3	79767107	3	11676	0	0	11679
chr3	79767140	0	12019	0	0	12019
chr3	79767230	0	4610	4654	0	9264
chr3	107382367	1	19479	0	0	19480
chr3	124684464	0	14030	0	0	14030
chr3	140454513	0	15715	0	0	15715
chr3	140454553	0	15197	0	0	15197
chr3	156415908	0	14165	0	0	14165
chr3	156415922	0	0	14985	0	14985
chr3	156415939	0	14924	0	0	14924
chr3	156415978	0	0	15266	0	15266
chr3	156497283	0	0	18076	0	18076
chr3	177567399	0	0	13541	0	13541
chr3	192811948	0	16297	0	0	16297
chr4	6459138	0	0	0	14407	14407
chr4	6459192	0	0	11809	0	11809
chr4	20521698	0	16501	0	0	16501
chr4	54733224	0	15501	0	2	15503
chr4	54733249	2	0	13787	0	13789
chr4	94932782	0	0	16224	0	16224
chr4	105236024	0	0	0	15143	15143
chr4	105236078	16001	0	0	0	16001
chr4	105237032	1	0	16713	0	16714
chr4	105276183	0	0	14471	0	14471
chr4	117369074	0	0	12863	1	12864
chr4	136881982	13596	0	0	0	13596
chr4	139722579	18567	0	0	0	18567
chr4	171825422	17486	0	0	0	17486
chr4	171825435	0	0	0	17014	17014
chr4	173533477	0	14337	0	0	14337
chr4	177840335	0	0	16576	0	16576
chr5	7476066	1	0	13070	0	13071
chr5	9516788	0	14967	0	0	14967
chr5	9516855	0	0	16107	0	16107
chr5	16081009	0	14044	0	0	14044
chr5	16081075	0	13775	0	0	13775
chr5	16799232	0	0	0	16027	16027
chr5	27027009	0	0	16705	0	16705
chr5	35909613	0	0	0	19386	19386
chr5	45580051	0	16165	0	0	16165
chr5	45580094	0	0	0	13335	13335
chr5	61368607	0	0	0	17973	17973
chr5	83179950	0	0	17232	0	17232
chr5	111118182	0	0	0	20961	20961
chr5	167685548	0	0	16420	0	16420
chr5	167685596	0	0	15865	0	15865
chr6	39208712	13303	0	0	0	13303
chr6	42424840	0	0	0	14585	14585
chr6	150236294	0	0	15402	0	15402
chr6	150236320	2	0	14102	0	14104
chr6	151284044	0	0	14582	0	14582
chr6	156879789	7475	0	8209	0	15684
chr7	3517258	0	13938	0	0	13938
chr7	3884930	1	13177	0	0	13178
chr7	18892675	0	0	16042	0	16042
chr7	21816505	0	15430	0	0	15430
chr7	42022250	0	17671	0	0	17671
chr7	44239158	0	8820	0	0	8820
chr7	89114067	0	0	12217	0	12217
chr7	102898068	0	0	13576	0	13576
chr7	114443108	0	0	18489	0	18489
chr7	134248238	0	14520	0	0	14520
chr7	137819930	1	0	15519	0	15520
chr7	148807726	9474	0	0	0	9474
chr7	148809271	0	0	7958	8372	16330
chr7	148809309	0	15893	0	0	15893
chr7	148810480	12981	0	0	0	12981
chr7	158031030	0	14834	0	1	14835
chr8	3088396	15454	0	0	0	15454
chr8	3088430	16012	0	0	0	16012
chr8	3172382	0	0	12713	0	12713
chr8	3172445	0	0	14637	0	14637
chr8	3172474	0	0	13544	0	13544
chr8	3721907	0	0	0	14577	14577
chr8	3721951	0	14307	0	0	14307
chr8	3721952	0	0	13992	0	13992
chr8	18185701	0	0	0	12601	12601
chr8	18185781	0	8777	0	0	8777
chr8	41850874	3	0	14106	0	14109
chr8	41850923	0	0	14291	0	14291
chr8	50190585	0	0	0	11340	11340
chr8	113312929	0	0	13312	0	13312
chr8	113401454	0	15764	0	0	15764
chr8	116852527	0	0	14169	0	14169
chr8	116852533	0	0	0	14648	14648
chr8	116852728	0	0	7076	0	7076
chr8	116854470	0	0	0	15961	15961
chr8	116856616	0	16647	0	5	16652
chr8	116861772	0	10231	0	0	10231
chr8	119785952	2	14184	0	0	14186
chr8	139698382	0	0	10051	0	10051
chr9	9252386	0	0	15839	0	15839
chr9	9555461	0	14406	0	1	14407
chr9	9555526	19321	0	0	0	19321
chr9	83971681	0	0	15320	0	15320
chr9	83971758	1	0	14342	0	14343
chr9	83977111	10026	0	0	0	10026
chr9	83977823	7	0	18412	0	18419
chr9	106598130	0	10640	2	0	10642
chr9	128395067	0	13024	0	0	13024
chrX	12288714	0	0	8146	0	8146
chrX	12288772	0	0	9185	0	9185
chrX	29747856	0	6901	0	0	6901
chrX	29747945	0	0	7779	0	7779
chrX	40053881	0	7719	0	0	7719
chrX	40053900	0	0	0	7981	7981
chrX	40062411	6289	0	0	0	6289
chrX	40062413	0	6170	0	0	6170
chrX	40062682	0	0	6436	0	6436
chrX	40073147	0	6087	0	0	6087
chrX	40073654	0	6753	0	0	6753
chrX	40074338	0	6077	0	0	6077
chrX	40074386	0	6129	0	0	6129
chrX	40075199	0	0	0	5814	5814
chrX	40077879	0	0	6312	0	6312
chrX	53399756	0	6337	0	0	6337
chrX	53409301	0	0	0	6056	6056
chrX	104593414	0	0	8705	0	8705
chrX	109378421	0	0	0	7740	7740
chrX	124061735	0	2234	0	0	2234
chrX	124063096	9	0	7389	0	7398
chrX	133881117	0	0	7343	0	7343
chrX	133881267	0	6980	0	0	6980
chrX	155099293	0	0	5237	0	5237
