#CHR	POS	Count_A	Count_C	Count_G	Count_T	Good_depth
chr1	1815818	0	16396	0	0	16396
chr1	8653318	0	0	0	8275	8275
chr1	20167244	0	12419	0	0	12419
chr1	20167324	0	0	14893	0	14893
chr1	33876224	0	0	14326	0	14326
chr1	57542614	13587	0	0	0	13587
chr1	75159324	12546	0	0	0	12546
chr1	80630582	0	10688	0	0	10688
chr1	80630603	0	0	9689	0	9689
chr1	103051998	0	11396	0	0	11396
chr1	175508637	0	14846	0	0	14846
chr1	184975264	0	13683	0	0	13683
chr1	184975334	0	13617	0	0	13617
chr1	190098243	14766	0	0	0	14766
chr1	190098282	0	0	0	15018	15018
chr1	190098591	0	0	14221	0	14221
chr1	190098939	0	0	13278	0	13278
chr1	190098984	0	0	13391	0	13391
chr1	190099008	0	13565	0	0	13565
chr1	190099032	0	13156	0	0	13156
chr1	190099044	0	13026	0	0	13026
chr1	190099080	0	0	11913	0	11913
chr1	190099212	0	7431	0	0	7431
chr1	190281556	0	0	11126	0	11126
chr1	190281684	0	12918	0	0	12918
chr1	229465267	3559	5223	0	0	8782
chr1	229465351	0	12254	0	0	12254
chr10	25270158	0	0	0	11928	11928
chr10	35131703	10162	0	0	0	10162
chr10	62664688	0	0	14205	0	14205
chr10	62664778	0	0	0	10864	10864
chr10	75988441	0	0	12469	0	12469
chr10	87933321	0	0	6809	0	6809
chr10	110581852	0	0	7463	0	7463
chr10	119277962	0	0	14641	0	14641
chr10	122272127	0	6554	0	7417	13971
chr11	9060379	0	6658	0	6040	12698
chr11	12452833	0	14485	0	0	14485
chr11	16448702	0	0	10413	0	10413
chr11	17742337	6408	0	0	0	6408
chr11	32392787	0	0	9974	0	9974
chr11	32396144	8937	0	0	0	8937
chr11	32396399	0	0	0	14659	14659
chr11	32396416	14239	0	0	0	14239
chr11	34495982	0	0	15207	0	15207
chr11	36153743	0	11065	0	0	11065
chr11	36153766	12310	0	0	0	12310
chr11	61104601	0	15307	0	0	15307
chr11	61104628	0	0	15163	0	15163
chr11	72657733	0	14657	0	0	14657
chr11	82358712	0	0	0	6376	6376
chr11	82358771	6597	0	0	0	6597
chr11	99206526	0	5937	0	4162	10099
chr11	99206616	5938	0	3333	0	9271
chr11	99568750	0	0	7936	0	7936
chr11	99568754	0	0	8303	0	8303
chr11	108229136	0	0	5961	0	5961
chr11	108245051	0	0	5031	5324	10355
chr11	108245084	8401	0	0	0	8401
chr11	108247163	0	11330	0	0	11330
chr11	108248903	0	0	2644	0	2644
chr11	108272618	0	0	14984	0	14984
chr11	108293534	9370	0	0	0	9370
chr11	108294907	5974	0	5333	0	11307
chr11	108294944	0	14188	0	0	14188
chr11	108299649	7853	0	0	0	7853
chr11	108315981	0	15574	0	0	15574
chr11	108316068	0	16173	0	0	16173
chr11	108325269	0	1961	0	0	1961
chr11	108347366	0	0	13415	0	13415
chr11	131690353	0	15305	0	0	15305
chr11	132079459	0	14096	0	0	14096
chr12	25159938	0	0	0	5128	5128
chr12	26645162	0	1	0	13161	13162
chr12	79117344	0	0	13212	0	13212
chr12	80593442	0	10701	0	0	10701
chr12	80593453	0	0	10756	0	10756
chr12	109763658	0	0	14181	0	14181
chr12	109763732	0	0	13691	0	13691
chr12	125618336	0	0	14328	0	14328
chr12	131030691	0	0	14180	0	14180
chr12	131030749	0	0	14735	0	14735
chr12	131030808	0	13464	0	0	13464
chr13	28018409	0	4505	0	4991	9496
chr13	29381579	0	8646	0	0	8646
chr13	42036066	0	0	6326	0	6326
chr13	42036103	0	0	8455	0	8455
chr13	42036182	7032	0	0	0	7032
chr13	60439455	4005	0	6060	0	10065
chr13	60439481	0	0	6388	4361	10749
chr13	85427587	0	0	0	12127	12127
chr13	101837480	1	0	7678	0	7679
chr13	107545680	0	14852	0	1	14853
chr13	107545683	0	15070	0	0	15070
chr13	107545767	0	12509	0	0	12509
chr14	38902662	0	13181	0	0	13181
chr14	67543416	0	0	9671	0	9671
chr14	76153957	0	0	0	12236	12236
chr14	99815833	6727	0	7435	0	14162
chr14	99815847	6966	0	7442	0	14408
chr15	27163121	0	15016	0	0	15016
chr15	27791784	10153	0	0	0	10153
chr15	39607817	0	0	0	7270	7270
chr15	39607855	0	0	5609	0	5609
chr15	44013752	0	0	7259	0	7259
chr15	80115617	0	0	9551	0	9551
chr16	6034567	0	0	9902	0	9902
chr16	6379472	7317	0	0	0	7317
chr16	6379495	0	0	0	8959	8959
chr16	6379558	0	0	10285	0	10285
chr16	9910458	4677	0	0	0	4677
chr16	9910537	0	1115	0	0	1115
chr16	15724284	7287	7015	0	0	14302
chr16	52568387	0	10661	0	0	10661
chr16	57370452	0	0	11735	0	11735
chr16	67612169	0	14946	0	0	14946
chr16	67616739	0	15386	0	0	15386
chr16	67616833	0	15235	0	0	15235
chr16	67626474	1	0	1613	0	1614
chr16	67628501	0	14880	0	0	14880
chr16	73386115	0	0	0	12097	12097
chr17	5834703	0	14453	0	0	14453
chr17	7669642	0	0	12642	0	12642
chr17	7673334	0	10682	0	0	10682
chr17	12621539	7919	0	0	0	7919
chr17	12621553	8481	0	0	0	8481
chr17	12621560	8985	0	0	0	8985
chr17	12621561	0	0	0	9080	9080
chr17	12621573	0	9215	0	0	9215
chr17	12621581	0	0	9823	0	9823
chr17	12621616	0	0	0	10367	10367
chr17	12621644	8963	0	0	0	8963
chr17	12621670	0	7441	0	0	7441
chr17	33287759	6604	0	0	6457	13061
chr17	33287852	0	14426	0	0	14426
chr17	51067614	0	0	11897	0	11897
chr17	53823336	0	0	13703	0	13703
chr17	60656634	0	0	13825	0	13825
chr17	76737017	11219	0	1	0	11220
chr18	4193945	6990	0	0	0	6990
chr18	7579194	0	10750	0	0	10750
chr18	7579277	12632	0	0	0	12632
chr18	7579294	12167	0	0	0	12167
chr18	27125186	0	0	7862	0	7862
chr18	32968861	0	0	0	6896	6896
chr18	35001079	0	0	8572	0	8572
chr18	50593212	0	0	14400	0	14400
chr18	58968498	0	0	0	15032	15032
chr18	58968538	0	14757	0	0	14757
chr18	62527782	0	0	9880	0	9880
chr18	69764027	0	14643	0	0	14643
chr18	74666435	0	1	0	14138	14139
chr19	29509552	0	15154	0	0	15154
chr19	30530958	0	0	15111	0	15111
chr19	30530988	0	15168	0	0	15168
chr19	32773283	0	15085	0	0	15085
chr19	33301659	0	6422	0	0	6422
chr19	33301722	0	0	5632	0	5632
chr19	33302244	0	8319	0	0	8319
chr19	44782295	0	11346	0	0	11346
chr2	1154666	11343	0	0	0	11343
chr2	1742901	0	0	12321	0	12321
chr2	1742960	0	0	0	12378	12378
chr2	10406422	0	0	14025	0	14025
chr2	10406468	0	14488	0	0	14488
chr2	10406503	0	0	14570	0	14570
chr2	15329045	0	0	0	9008	9008
chr2	15329122	0	0	0	12353	12353
chr2	25235677	0	0	0	10246	10246
chr2	25236935	0	13125	0	0	13125
chr2	25237072	0	10533	0	0	10533
chr2	25240614	5529	0	6346	0	11875
chr2	25244019	0	0	0	12506	12506
chr2	25245214	0	0	13826	0	13826
chr2	25246633	0	13924	0	0	13924
chr2	25246787	13557	0	0	0	13557
chr2	25247044	0	0	0	12580	12580
chr2	25247639	14382	0	0	0	14382
chr2	25247790	0	0	12995	0	12995
chr2	26629636	0	0	13484	0	13484
chr2	98389058	0	0	15343	0	15343
chr2	132582244	0	0	12067	0	12067
chr2	133060506	0	0	10009	0	10009
chr2	145061824	12685	0	0	0	12685
chr2	162614954	6136	0	0	0	6136
chr2	162614972	7087	0	0	0	7087
chr2	162615021	0	8972	0	0	8972
chr2	173947911	0	0	0	13560	13560
chr20	83148	0	0	14499	0	14499
chr20	83158	0	7178	0	6650	13828
chr20	14300177	0	10873	0	0	10873
chr20	14300230	0	0	13131	0	13131
chr20	17433202	0	13155	0	0	13155
chr20	17433203	0	0	12983	0	12983
chr20	17438980	0	0	14562	0	14562
chr20	17438999	0	0	0	15034	15034
chr20	17439070	0	11794	0	0	11794
chr20	32436288	0	0	14755	0	14755
chr20	37048217	0	15540	0	0	15540
chr20	42445130	0	0	14364	0	14364
chr20	43031194	0	15262	0	0	15262
chr20	46026997	0	0	13381	0	13381
chr21	32724643	0	3643	0	0	3643
chr21	34859490	0	10857	0	0	10857
chr21	34859553	10799	0	0	0	10799
chr22	23146855	5616	0	5941	0	11557
chr22	28688034	0	0	0	7245	7245
chr22	28688046	6682	0	2	0	6684
chr22	28688052	2	0	6210	0	6212
chr22	28689180	0	2197	0	0	2197
chr22	28725419	0	0	11548	0	11548
chr22	32446726	14174	0	0	0	14174
chr22	32446740	0	0	14172	0	14172
chr22	36632626	0	0	0	11144	11144
chr22	39588816	0	14138	0	0	14138
chr22	50177597	0	11956	0	0	11956
chr3	38284876	0	14621	0	0	14621
chr3	79767107	0	13764	0	0	13764
chr3	79767140	0	14369	0	0	14369
chr3	79767230	0	11491	0	0	11491
chr3	107382367	0	13947	0	0	13947
chr3	124684464	0	14239	0	0	14239
chr3	140454513	0	6736	0	5681	12417
chr3	140454553	0	11805	0	0	11805
chr3	156415908	0	14689	0	0	14689
chr3	156415922	0	0	15317	0	15317
chr3	156415939	0	15397	0	0	15397
chr3	156415978	0	0	15218	0	15218
chr3	156497283	0	0	14797	0	14797
chr3	177567399	0	0	5246	4311	9557
chr3	192811948	0	12231	0	0	12231
chr4	6459138	0	0	0	13712	13712
chr4	6459192	0	0	10953	0	10953
chr4	20521698	0	14482	0	0	14482
chr4	54733224	0	9031	0	0	9031
chr4	54733249	0	0	7624	0	7624
chr4	94932782	0	0	9470	0	9470
chr4	105236024	0	0	0	14736	14736
chr4	105236078	15122	0	0	0	15122
chr4	105237032	0	0	15062	0	15062
chr4	105276183	0	0	14444	0	14444
chr4	117369074	0	0	6527	0	6527
chr4	136881982	9588	0	0	0	9588
chr4	139722579	11839	0	0	0	11839
chr4	171825422	5915	0	5190	0	11105
chr4	171825435	0	0	0	11184	11184
chr4	173533477	0	12723	0	0	12723
chr4	177840335	0	0	12288	0	12288
chr5	7476066	2	0	10152	0	10154
chr5	9516788	0	13538	0	0	13538
chr5	9516855	0	0	14430	0	14430
chr5	16081009	0	14589	0	0	14589
chr5	16081075	0	12814	0	0	12814
chr5	16799232	0	0	0	12449	12449
chr5	27027009	0	0	9595	0	9595
chr5	35909613	0	0	0	12588	12588
chr5	45580051	0	12536	0	0	12536
chr5	45580094	0	0	0	9935	9935
chr5	61368607	0	0	0	13258	13258
chr5	83179950	0	0	11836	0	11836
chr5	111118182	0	0	0	14344	14344
chr5	167685548	2	0	13798	0	13800
chr5	167685596	5526	0	6485	0	12011
chr6	39208712	14617	0	0	0	14617
chr6	42424840	0	12188	0	0	12188
chr6	150236294	0	0	12904	0	12904
chr6	150236320	0	0	11395	0	11395
chr6	151284044	0	0	14854	0	14854
chr6	156879789	10524	0	0	0	10524
chr7	3517258	0	9547	0	0	9547
chr7	3884930	0	15186	0	0	15186
chr7	18892675	0	0	11713	0	11713
chr7	21816505	0	13665	0	0	13665
chr7	42022250	0	14405	0	0	14405
chr7	44239158	0	12915	0	0	12915
chr7	89114067	2579	0	3431	0	6010
chr7	102898068	3944	0	3491	0	7435
chr7	114443108	0	0	12961	0	12961
chr7	134248238	0	13330	0	0	13330
chr7	137819930	0	0	12814	0	12814
chr7	148807726	7099	0	0	0	7099
chr7	148809271	0	0	5725	6474	12199
chr7	148809309	0	11725	0	0	11725
chr7	148810480	11707	0	0	0	11707
chr7	158031030	0	14382	0	0	14382
chr8	3088396	12503	0	0	0	12503
chr8	3088430	12951	0	0	0	12951
chr8	3172382	0	0	12183	0	12183
chr8	3172445	0	0	14282	0	14282
chr8	3172474	0	0	13091	0	13091
chr8	3721907	0	0	0	14168	14168
chr8	3721951	0	14588	0	0	14588
chr8	3721952	0	0	14380	0	14380
chr8	18185701	0	0	0	6901	6901
chr8	18185781	0	4909	0	0	4909
chr8	41850874	0	0	14636	0	14636
chr8	41850923	0	0	14964	0	14964
chr8	50190585	0	0	0	7479	7479
chr8	113312929	0	0	7334	0	7334
chr8	113401454	0	8903	0	0	8903
chr8	116852527	0	0	9539	0	9539
chr8	116852533	0	0	0	9631	9631
chr8	116852728	0	0	2603	0	2603
chr8	116854470	0	0	0	10766	10766
chr8	116856616	0	10788	0	0	10788
chr8	116861772	0	5541	0	0	5541
chr8	119785952	0	7371	0	0	7371
chr8	139698382	0	0	12003	0	12003
chr9	9252386	1	0	11823	0	11824
chr9	9555461	0	9443	0	0	9443
chr9	9555526	12601	0	0	0	12601
chr9	83971681	0	0	7835	0	7835
chr9	83971758	0	0	7488	0	7488
chr9	83977111	0	0	4303	0	4303
chr9	83977823	0	0	12304	0	12304
chr9	106598130	0	7217	0	0	7217
chr9	128395067	0	13534	0	0	13534
chrX	12288714	0	0	6642	0	6642
chrX	12288772	0	0	7512	0	7512
chrX	29747856	0	5118	0	0	5118
chrX	29747945	0	0	5677	0	5677
chrX	40053881	0	7727	0	0	7727
chrX	40053900	0	0	0	7874	7874
chrX	40062411	6939	0	0	0	6939
chrX	40062413	0	6802	0	0	6802
chrX	40062682	0	0	7388	0	7388
chrX	40073147	0	7551	0	0	7551
chrX	40073654	0	0	0	7743	7743
chrX	40074338	0	7309	0	0	7309
chrX	40074386	0	7477	0	0	7477
chrX	40075199	0	0	0	5877	5877
chrX	40077879	0	0	7207	0	7207
chrX	53399756	0	5519	0	0	5519
chrX	53409301	0	0	0	6783	6783
chrX	104593414	0	0	7008	0	7008
chrX	109378421	0	0	0	7036	7036
chrX	124061735	0	1423	0	0	1423
chrX	124063096	0	0	4150	0	4150
chrX	133881117	0	0	6349	0	6349
chrX	133881267	0	6218	0	0	6218
chrX	155099293	0	0	5490	0	5490
