#CHR	POS	Count_A	Count_C	Count_G	Count_T	Good_depth
chr1	1815818	0	21584	0	0	21584
chr1	8653318	0	0	0	13357	13357
chr1	20167244	0	15857	0	0	15857
chr1	20167324	0	0	18705	0	18705
chr1	33876224	0	0	19981	2	19983
chr1	57542614	21595	1	0	0	21596
chr1	75159324	20075	0	0	0	20075
chr1	80630582	0	19304	0	0	19304
chr1	80630603	0	0	17342	0	17342
chr1	103051998	0	19256	0	0	19256
chr1	175508637	0	20435	0	0	20435
chr1	184975264	0	21853	0	1	21854
chr1	184975334	0	21707	0	0	21707
chr1	190098243	21273	0	0	2	21275
chr1	190098282	0	0	0	22132	22132
chr1	190098591	10	0	19180	0	19190
chr1	190098939	0	0	18305	0	18305
chr1	190098984	0	0	19189	0	19189
chr1	190099008	0	19269	0	0	19269
chr1	190099032	0	18771	0	0	18771
chr1	190099044	0	19068	0	0	19068
chr1	190099080	0	0	18093	0	18093
chr1	190099212	0	15617	0	0	15617
chr1	190281556	0	0	19077	0	19077
chr1	190281684	0	21294	0	0	21294
chr1	229465267	6470	8815	0	0	15285
chr1	229465351	0	20670	0	0	20670
chr10	25270158	0	0	0	19778	19778
chr10	35131703	17551	0	0	0	17551
chr10	62664688	0	0	20976	0	20976
chr10	62664778	0	0	0	17352	17352
chr10	75988441	0	0	17313	0	17313
chr10	87933321	1	0	14893	0	14894
chr10	110581852	0	0	14102	0	14102
chr10	119277962	2	0	23087	0	23089
chr10	122272127	0	9397	0	10243	19640
chr11	9060379	0	9193	0	8501	17694
chr11	12452833	0	17366	0	0	17366
chr11	16448702	1	0	17632	0	17633
chr11	17742337	8634	1	0	0	8635
chr11	32392787	0	0	15885	0	15885
chr11	32396144	14078	0	0	0	14078
chr11	32396399	0	0	0	19532	19532
chr11	32396416	19345	0	0	0	19345
chr11	34495982	0	0	18197	0	18197
chr11	36153743	0	16674	0	0	16674
chr11	36153766	18416	0	0	0	18416
chr11	61104601	0	18047	0	0	18047
chr11	61104628	0	0	18115	0	18115
chr11	72657733	0	18725	0	0	18725
chr11	82358712	0	0	0	10862	10862
chr11	82358771	11070	0	0	0	11070
chr11	99206526	0	9322	0	6903	16225
chr11	99206616	8985	0	4889	0	13874
chr11	99568750	0	0	13249	0	13249
chr11	99568754	0	0	13831	0	13831
chr11	108229136	0	0	11053	0	11053
chr11	108245051	0	0	8860	9459	18319
chr11	108245084	15110	0	0	0	15110
chr11	108247163	0	20083	0	0	20083
chr11	108248903	0	0	4807	0	4807
chr11	108272618	0	0	26283	0	26283
chr11	108293534	14451	0	0	0	14451
chr11	108294907	9480	0	8275	0	17755
chr11	108294944	0	21839	0	0	21839
chr11	108299649	13580	0	0	0	13580
chr11	108315981	0	23884	0	0	23884
chr11	108316068	0	24130	0	5	24135
chr11	108325269	0	3442	0	2	3444
chr11	108347366	0	0	21572	0	21572
chr11	131690353	0	18727	0	0	18727
chr11	132079459	0	22024	0	0	22024
chr12	25159938	0	0	0	7751	7751
chr12	26645162	0	0	0	19156	19156
chr12	79117344	0	0	18529	0	18529
chr12	80593442	0	19894	0	0	19894
chr12	80593453	0	0	19918	0	19918
chr12	109763658	0	0	18963	0	18963
chr12	109763732	0	0	17876	0	17876
chr12	125618336	0	0	19453	0	19453
chr12	131030691	0	0	18379	0	18379
chr12	131030749	1	0	18640	0	18641
chr12	131030808	0	17541	0	0	17541
chr13	28018409	0	7898	0	8979	16877
chr13	29381579	0	15625	0	0	15625
chr13	42036066	0	0	11430	0	11430
chr13	42036103	0	0	15453	0	15453
chr13	42036182	13334	0	0	0	13334
chr13	60439455	6428	0	10528	0	16956
chr13	60439481	0	0	11033	7026	18059
chr13	85427587	0	0	0	20434	20434
chr13	101837480	0	0	13783	0	13783
chr13	107545680	0	20043	0	0	20043
chr13	107545683	0	20425	0	2	20427
chr13	107545767	0	18895	0	0	18895
chr14	38902662	0	19151	0	0	19151
chr14	67543416	0	0	15066	0	15066
chr14	76153957	0	0	0	20701	20701
chr14	99815833	9586	0	10893	0	20479
chr14	99815847	10051	0	10802	0	20853
chr15	27163121	0	18010	0	0	18010
chr15	27791784	18080	0	0	0	18080
chr15	39607817	0	0	0	14342	14342
chr15	39607855	3	0	10952	0	10955
chr15	44013752	0	0	12264	0	12264
chr15	80115617	0	0	16814	0	16814
chr16	6034567	0	0	15159	0	15159
chr16	6379472	11122	0	0	0	11122
chr16	6379495	0	0	0	13306	13306
chr16	6379558	1	0	15606	1	15608
chr16	9910458	8538	0	0	0	8538
chr16	9910537	0	2027	0	0	2027
chr16	15724284	9398	8739	0	0	18137
chr16	52568387	0	17238	0	0	17238
chr16	57370452	0	0	16187	0	16187
chr16	67612169	0	22706	0	0	22706
chr16	67616739	0	22258	0	0	22258
chr16	67616833	0	21938	0	0	21938
chr16	67626474	2	0	2782	0	2784
chr16	67628501	0	20196	0	1	20197
chr16	73386115	0	0	0	19184	19184
chr17	5834703	0	21589	0	0	21589
chr17	7669642	0	0	18571	1	18572
chr17	7673334	0	16041	0	0	16041
chr17	12621539	13716	0	0	0	13716
chr17	12621553	14462	0	0	1	14463
chr17	12621560	15601	0	2	0	15603
chr17	12621561	0	0	0	15727	15727
chr17	12621573	0	16040	0	2	16042
chr17	12621581	0	0	17020	0	17020
chr17	12621616	0	0	0	18901	18901
chr17	12621644	16376	0	0	0	16376
chr17	12621670	0	13706	0	0	13706
chr17	33287759	8303	0	0	8596	16899
chr17	33287852	0	18482	0	0	18482
chr17	51067614	0	0	20216	0	20216
chr17	53823336	0	0	16676	0	16676
chr17	60656634	0	0	21595	0	21595
chr17	76737017	12073	0	0	0	12073
chr18	4193945	12449	0	0	0	12449
chr18	7579194	0	18119	0	3	18122
chr18	7579277	20467	0	0	0	20467
chr18	7579294	19591	0	0	0	19591
chr18	27125186	0	0	8199	0	8199
chr18	32968861	0	0	0	12925	12925
chr18	35001079	0	0	15418	0	15418
chr18	50593212	1	0	21934	0	21935
chr18	58968498	0	0	0	19202	19202
chr18	58968538	0	19115	0	0	19115
chr18	62527782	0	0	18677	0	18677
chr18	69764027	0	22715	0	0	22715
chr18	74666435	0	0	0	20731	20731
chr19	29509552	0	18345	0	0	18345
chr19	30530958	0	0	18164	0	18164
chr19	30530988	0	18316	0	0	18316
chr19	32773283	0	22241	0	0	22241
chr19	33301659	0	5711	0	0	5711
chr19	33301722	0	0	5097	0	5097
chr19	33302244	0	7573	0	0	7573
chr19	44782295	0	13850	0	1	13851
chr2	1154666	18220	0	0	0	18220
chr2	1742901	3	0	15535	0	15538
chr2	1742960	0	0	0	15264	15264
chr2	10406422	0	0	17672	0	17672
chr2	10406468	0	18352	0	0	18352
chr2	10406503	0	0	18478	0	18478
chr2	15329045	0	0	0	13771	13771
chr2	15329122	0	0	0	20295	20295
chr2	25235677	0	0	0	15858	15858
chr2	25236935	0	16113	0	0	16113
chr2	25237072	0	16023	0	0	16023
chr2	25240614	8360	0	8800	0	17160
chr2	25244019	0	0	0	14301	14301
chr2	25245214	0	0	16176	0	16176
chr2	25246633	0	14675	0	0	14675
chr2	25246787	14539	0	0	0	14539
chr2	25247044	0	0	0	14899	14899
chr2	25247639	15486	0	0	0	15486
chr2	25247790	2	0	14051	0	14053
chr2	26629636	0	0	16765	0	16765
chr2	98389058	0	0	20260	0	20260
chr2	132582244	0	0	19320	0	19320
chr2	133060506	0	0	16103	0	16103
chr2	145061824	22341	0	0	0	22341
chr2	162614954	10668	0	2	0	10670
chr2	162614972	12411	0	2	0	12413
chr2	162615021	0	16304	0	4	16308
chr2	173947911	0	0	0	22970	22970
chr20	83148	0	0	20209	0	20209
chr20	83158	0	10105	1	9267	19373
chr20	14300177	0	18017	0	1	18018
chr20	14300230	0	0	22055	0	22055
chr20	17433202	0	21449	0	0	21449
chr20	17433203	0	0	21289	0	21289
chr20	17438980	0	0	18957	0	18957
chr20	17438999	0	0	0	19821	19821
chr20	17439070	0	15035	0	0	15035
chr20	32436288	0	0	20570	0	20570
chr20	37048217	0	23280	0	0	23280
chr20	42445130	0	0	20752	0	20752
chr20	43031194	0	19636	0	0	19636
chr20	46026997	0	0	21162	2	21164
chr21	32724643	0	8264	0	0	8264
chr21	34859490	0	17278	0	0	17278
chr21	34859553	17922	0	0	0	17922
chr22	23146855	8308	0	8471	0	16779
chr22	28688034	0	0	0	12520	12520
chr22	28688046	11655	0	9	0	11664
chr22	28688052	10	0	11024	0	11034
chr22	28689180	0	6301	0	0	6301
chr22	28725419	0	0	16845	0	16845
chr22	32446726	22862	0	0	0	22862
chr22	32446740	0	0	22902	0	22902
chr22	36632626	0	0	0	17628	17628
chr22	39588816	0	17405	0	0	17405
chr22	50177597	0	17622	0	1	17623
chr3	38284876	0	21452	0	5	21457
chr3	79767107	0	16862	0	0	16862
chr3	79767140	0	17516	0	0	17516
chr3	79767230	0	13341	0	0	13341
chr3	107382367	0	23569	0	0	23569
chr3	124684464	0	19508	0	0	19508
chr3	140454513	0	10506	0	9663	20169
chr3	140454553	0	18749	0	0	18749
chr3	156415908	0	19617	0	0	19617
chr3	156415922	0	0	20640	0	20640
chr3	156415939	0	20667	0	0	20667
chr3	156415978	0	0	21117	0	21117
chr3	156497283	0	0	22891	0	22891
chr3	177567399	0	0	8180	6895	15075
chr3	192811948	0	19424	0	0	19424
chr4	6459138	0	0	0	20163	20163
chr4	6459192	0	0	15730	0	15730
chr4	20521698	0	21960	0	0	21960
chr4	54733224	0	16907	0	0	16907
chr4	54733249	0	0	14837	0	14837
chr4	94932782	0	0	17185	0	17185
chr4	105236024	0	0	0	21447	21447
chr4	105236078	22304	0	0	0	22304
chr4	105237032	0	0	23669	0	23669
chr4	105276183	0	0	20272	0	20272
chr4	117369074	0	0	11947	2	11949
chr4	136881982	16763	8	0	0	16771
chr4	139722579	20877	0	0	0	20877
chr4	171825422	10457	0	9304	0	19761
chr4	171825435	0	0	0	19772	19772
chr4	173533477	0	18806	0	0	18806
chr4	177840335	0	0	20020	0	20020
chr5	7476066	0	0	16153	0	16153
chr5	9516788	0	19745	0	0	19745
chr5	9516855	0	0	21568	0	21568
chr5	16081009	0	19403	0	0	19403
chr5	16081075	0	18282	0	0	18282
chr5	16799232	0	0	0	19317	19317
chr5	27027009	0	0	17092	0	17092
chr5	35909613	0	0	0	22508	22508
chr5	45580051	0	20570	0	0	20570
chr5	45580094	0	0	0	16821	16821
chr5	61368607	0	0	0	22061	22061
chr5	83179950	0	0	20223	0	20223
chr5	111118182	0	0	0	25501	25501
chr5	167685548	0	0	21205	0	21205
chr5	167685596	8830	0	10264	0	19094
chr6	39208712	18752	0	0	0	18752
chr6	42424840	0	18819	0	0	18819
chr6	150236294	0	0	19591	0	19591
chr6	150236320	0	0	17577	0	17577
chr6	151284044	0	0	20087	0	20087
chr6	156879789	16794	0	0	0	16794
chr7	3517258	0	16777	0	0	16777
chr7	3884930	0	18897	0	0	18897
chr7	18892675	0	0	19359	0	19359
chr7	21816505	0	20954	0	0	20954
chr7	42022250	0	22883	0	0	22883
chr7	44239158	0	13481	0	0	13481
chr7	89114067	3293	0	6333	0	9626
chr7	102898068	7662	0	6550	0	14212
chr7	114443108	0	0	22386	0	22386
chr7	134248238	0	19509	0	0	19509
chr7	137819930	0	0	19597	0	19597
chr7	148807726	11860	0	0	0	11860
chr7	148809271	0	0	9541	10507	20048
chr7	148809309	0	19532	0	0	19532
chr7	148810480	16735	0	0	0	16735
chr7	158031030	0	20437	0	2	20439
chr8	3088396	19394	0	0	0	19394
chr8	3088430	20359	0	0	0	20359
chr8	3172382	0	0	16848	0	16848
chr8	3172445	0	0	19847	0	19847
chr8	3172474	0	0	17281	0	17281
chr8	3721907	0	0	0	19564	19564
chr8	3721951	0	19396	0	2	19398
chr8	3721952	0	0	19122	0	19122
chr8	18185701	0	0	0	12271	12271
chr8	18185781	2	9000	0	0	9002
chr8	41850874	0	0	19626	0	19626
chr8	41850923	0	0	20025	0	20025
chr8	50190585	0	0	0	13243	13243
chr8	113312929	0	0	12776	0	12776
chr8	113401454	0	15749	0	0	15749
chr8	116852527	0	0	18097	0	18097
chr8	116852533	0	0	0	18616	18616
chr8	116852728	0	0	6448	0	6448
chr8	116854470	0	0	0	19133	19133
chr8	116856616	0	19990	0	0	19990
chr8	116861772	0	10942	0	0	10942
chr8	119785952	0	14109	0	0	14109
chr8	139698382	0	0	14751	0	14751
chr9	9252386	0	0	19597	0	19597
chr9	9555461	0	16217	0	0	16217
chr9	9555526	22416	0	0	0	22416
chr9	83971681	0	0	16875	0	16875
chr9	83971758	0	0	15634	0	15634
chr9	83977111	1	0	8761	0	8762
chr9	83977823	3	0	21355	0	21358
chr9	106598130	0	12110	0	0	12110
chr9	128395067	0	18283	0	0	18283
chrX	12288714	0	0	9938	0	9938
chrX	12288772	0	0	11691	0	11691
chrX	29747856	0	8424	0	0	8424
chrX	29747945	0	0	9234	0	9234
chrX	40053881	0	10683	0	0	10683
chrX	40053900	0	0	0	11047	11047
chrX	40062411	9118	0	0	0	9118
chrX	40062413	0	8998	0	0	8998
chrX	40062682	0	0	9458	0	9458
chrX	40073147	0	8922	0	0	8922
chrX	40073654	0	0	0	10217	10217
chrX	40074338	0	9221	0	0	9221
chrX	40074386	0	9290	0	0	9290
chrX	40075199	0	0	0	8340	8340
chrX	40077879	0	0	9149	0	9149
chrX	53399756	0	8034	0	0	8034
chrX	53409301	0	0	0	8502	8502
chrX	104593414	0	0	10895	0	10895
chrX	109378421	0	0	0	10099	10099
chrX	124061735	1	2970	0	0	2971
chrX	124063096	0	0	7888	0	7888
chrX	133881117	0	0	9893	0	9893
chrX	133881267	0	9532	0	0	9532
chrX	155099293	0	0	7639	0	7639
