#CHR	POS	Count_A	Count_C	Count_G	Count_T	Good_depth
chr1	1815818	0	12724	0	0	12724
chr1	8653318	0	0	0	7509	7509
chr1	20167244	0	10307	0	0	10307
chr1	20167324	0	0	12311	0	12311
chr1	33876224	0	0	11712	0	11712
chr1	57542614	5883	5388	0	0	11271
chr1	75159324	10090	0	0	0	10090
chr1	80630582	0	9670	0	0	9670
chr1	80630603	0	0	8952	0	8952
chr1	103051998	0	9976	0	0	9976
chr1	175508637	0	11835	0	0	11835
chr1	184975264	0	11491	0	0	11491
chr1	184975334	0	11219	0	0	11219
chr1	190098243	11609	0	0	0	11609
chr1	190098282	0	0	0	11904	11904
chr1	190098591	1	0	11218	0	11219
chr1	190098939	0	0	10305	0	10305
chr1	190098984	1	0	10451	0	10452
chr1	190099008	0	10589	0	0	10589
chr1	190099032	0	10273	0	0	10273
chr1	190099044	0	10298	0	0	10298
chr1	190099080	0	0	9549	0	9549
chr1	190099212	0	7054	0	0	7054
chr1	190281556	0	0	9431	0	9431
chr1	190281684	0	10432	0	0	10432
chr1	229465267	3637	4319	0	0	7956
chr1	229465351	0	10642	0	0	10642
chr10	25270158	0	0	0	10203	10203
chr10	35131703	8902	0	0	0	8902
chr10	62664688	0	0	11899	0	11899
chr10	62664778	0	9575	0	0	9575
chr10	75988441	0	0	9936	0	9936
chr10	87933321	0	0	6212	0	6212
chr10	110581852	0	0	6384	0	6384
chr10	119277962	0	0	11817	0	11817
chr10	122272127	0	0	0	11958	11958
chr11	9060379	0	5325	0	5002	10327
chr11	12452833	0	11276	0	0	11276
chr11	16448702	0	0	9095	0	9095
chr11	17742337	5796	1	0	0	5797
chr11	32392787	0	0	8683	0	8683
chr11	32396144	8155	0	0	0	8155
chr11	32396399	0	5694	0	5965	11659
chr11	32396416	11851	0	0	0	11851
chr11	34495982	0	0	11773	0	11773
chr11	36153743	0	9394	0	0	9394
chr11	36153766	10507	0	0	0	10507
chr11	61104601	0	12529	0	0	12529
chr11	61104628	0	0	12409	0	12409
chr11	72657733	0	12463	0	0	12463
chr11	82358712	0	0	0	6205	6205
chr11	82358771	6511	0	0	0	6511
chr11	99206526	0	4607	0	3996	8603
chr11	99206616	4807	0	3053	0	7860
chr11	99568750	0	0	6803	0	6803
chr11	99568754	0	0	7075	0	7075
chr11	108229136	0	0	5496	0	5496
chr11	108245051	0	0	0	8338	8338
chr11	108245084	6790	0	0	0	6790
chr11	108247163	0	9206	0	0	9206
chr11	108248903	0	0	2543	0	2543
chr11	108272618	0	0	11144	0	11144
chr11	108293534	7486	0	0	0	7486
chr11	108294907	9693	0	0	0	9693
chr11	108294944	0	11602	0	0	11602
chr11	108299649	7018	0	0	0	7018
chr11	108315981	0	11582	0	0	11582
chr11	108316068	0	12038	0	0	12038
chr11	108325269	0	1738	0	0	1738
chr11	108347366	0	0	10468	0	10468
chr11	131690353	0	12368	0	0	12368
chr11	132079459	0	11539	0	0	11539
chr12	25159938	0	0	0	3771	3771
chr12	26645162	0	10689	0	0	10689
chr12	79117344	0	0	10366	0	10366
chr12	80593442	0	9380	0	0	9380
chr12	80593453	0	0	9467	0	9467
chr12	109763658	0	0	11917	0	11917
chr12	109763732	0	0	11724	0	11724
chr12	125618336	0	0	11368	0	11368
chr12	131030691	0	0	12000	0	12000
chr12	131030749	0	0	12149	0	12149
chr12	131030808	0	11633	0	0	11633
chr13	28018409	0	0	0	8763	8763
chr13	29381579	0	8476	0	0	8476
chr13	42036066	0	0	6091	0	6091
chr13	42036103	0	0	8080	0	8080
chr13	42036182	6799	0	0	0	6799
chr13	60439455	0	0	9286	0	9286
chr13	60439481	0	0	9726	0	9726
chr13	85427587	0	0	0	10209	10209
chr13	101837480	1	0	7035	0	7036
chr13	107545680	0	11441	0	0	11441
chr13	107545683	0	11694	0	0	11694
chr13	107545767	0	9974	0	0	9974
chr14	38902662	0	10397	0	0	10397
chr14	67543416	0	0	8501	0	8501
chr14	76153957	0	0	0	10814	10814
chr14	99815833	0	0	11352	0	11352
chr14	99815847	0	0	11559	0	11559
chr15	27163121	0	11861	0	0	11861
chr15	27791784	9868	0	0	0	9868
chr15	39607817	0	0	0	7062	7062
chr15	39607855	0	0	5448	0	5448
chr15	44013752	0	0	6236	0	6236
chr15	80115617	0	0	8060	0	8060
chr16	6034567	0	0	8709	0	8709
chr16	6379472	6558	0	0	0	6558
chr16	6379495	0	0	0	7791	7791
chr16	6379558	0	0	8701	0	8701
chr16	9910458	5167	0	0	0	5167
chr16	9910537	0	1499	0	0	1499
chr16	15724284	5925	5636	0	0	11561
chr16	52568387	0	9342	0	0	9342
chr16	57370452	0	0	10020	0	10020
chr16	67612169	0	11659	0	0	11659
chr16	67616739	0	12318	0	0	12318
chr16	67616833	0	12115	0	0	12115
chr16	67626474	0	0	1527	0	1527
chr16	67628501	0	12117	0	0	12117
chr16	73386115	0	0	0	10467	10467
chr17	5834703	0	11208	0	0	11208
chr17	7669642	0	0	11282	0	11282
chr17	7673334	0	9167	0	0	9167
chr17	12621539	3222	0	2386	0	5608
chr17	12621553	6512	0	0	0	6512
chr17	12621560	6999	0	0	0	6999
chr17	12621561	0	0	0	7054	7054
chr17	12621573	0	7521	0	0	7521
chr17	12621581	0	0	3847	3933	7780
chr17	12621616	0	0	0	9126	9126
chr17	12621644	8111	0	0	0	8111
chr17	12621670	0	3479	0	3284	6763
chr17	33287759	0	0	0	10918	10918
chr17	33287852	0	11933	0	0	11933
chr17	51067614	0	0	10234	0	10234
chr17	53823336	0	0	11140	0	11140
chr17	60656634	0	0	10975	0	10975
chr17	76737017	9734	0	0	0	9734
chr18	4193945	6328	0	0	0	6328
chr18	7579194	0	9598	0	0	9598
chr18	7579277	10892	0	0	0	10892
chr18	7579294	10438	0	0	0	10438
chr18	27125186	0	0	7396	0	7396
chr18	32968861	0	0	0	6494	6494
chr18	35001079	0	0	8467	0	8467
chr18	50593212	0	0	11546	0	11546
chr18	58968498	0	0	0	11840	11840
chr18	58968538	0	11882	0	0	11882
chr18	62527782	0	0	9547	0	9547
chr18	69764027	0	11647	0	0	11647
chr18	74666435	0	6069	0	5777	11846
chr19	29509552	0	12740	0	0	12740
chr19	30530958	0	0	11824	0	11824
chr19	30530988	0	11940	0	0	11940
chr19	32773283	0	11889	0	0	11889
chr19	33301659	0	6298	0	0	6298
chr19	33301722	0	0	5575	0	5575
chr19	33302244	0	8453	0	2	8455
chr19	44782295	0	9825	0	0	9825
chr2	1154666	10060	0	0	0	10060
chr2	1742901	0	0	11240	0	11240
chr2	1742960	0	0	0	11329	11329
chr2	10406422	0	0	11752	0	11752
chr2	10406468	0	12018	0	0	12018
chr2	10406503	0	0	12163	0	12163
chr2	15329045	0	3422	0	4138	7560
chr2	15329122	0	0	0	10834	10834
chr2	25235677	0	9924	0	0	9924
chr2	25236935	0	11500	0	0	11500
chr2	25237072	0	9831	0	0	9831
chr2	25240614	0	0	11172	0	11172
chr2	25244019	0	0	11167	1	11168
chr2	25245214	0	0	11639	0	11639
chr2	25246633	0	11885	0	0	11885
chr2	25246787	11989	0	0	0	11989
chr2	25247044	0	11702	0	1	11703
chr2	25247639	12228	0	0	0	12228
chr2	25247790	0	0	11405	0	11405
chr2	26629636	0	0	11284	0	11284
chr2	98389058	0	0	12222	0	12222
chr2	132582244	0	0	10827	0	10827
chr2	133060506	0	0	8720	0	8720
chr2	145061824	10591	0	0	0	10591
chr2	162614954	5420	0	0	0	5420
chr2	162614972	6281	0	0	0	6281
chr2	162615021	0	7950	0	0	7950
chr2	173947911	0	0	0	10961	10961
chr20	83148	1	0	11226	0	11227
chr20	83158	0	11024	0	0	11024
chr20	14300177	0	8889	0	0	8889
chr20	14300230	0	0	10685	0	10685
chr20	17433202	0	11261	0	2	11263
chr20	17433203	0	0	11088	0	11088
chr20	17438980	0	0	11984	0	11984
chr20	17438999	0	0	0	12352	12352
chr20	17439070	0	9847	1	0	9848
chr20	32436288	0	0	11925	0	11925
chr20	37048217	0	12249	0	0	12249
chr20	42445130	0	0	11263	0	11263
chr20	43031194	0	11810	0	0	11810
chr20	46026997	0	0	11953	0	11953
chr21	32724643	0	4143	0	0	4143
chr21	34859490	0	9795	0	0	9795
chr21	34859553	9783	0	0	0	9783
chr22	23146855	9792	0	0	0	9792
chr22	28688034	0	1	0	7021	7022
chr22	28688046	6444	0	5	0	6449
chr22	28688052	4	0	6016	0	6020
chr22	28689180	0	2955	0	0	2955
chr22	28725419	0	0	9180	0	9180
chr22	32446726	11514	0	0	0	11514
chr22	32446740	0	0	11482	0	11482
chr22	36632626	0	0	0	10297	10297
chr22	39588816	0	11656	0	0	11656
chr22	50177597	0	11728	0	0	11728
chr3	38284876	0	12159	0	0	12159
chr3	79767107	0	11333	0	0	11333
chr3	79767140	0	11718	0	0	11718
chr3	79767230	0	4737	4922	0	9659
chr3	107382367	0	10817	0	0	10817
chr3	124684464	0	11469	0	0	11469
chr3	140454513	0	5624	0	5224	10848
chr3	140454553	1	10339	0	0	10340
chr3	156415908	0	11579	0	0	11579
chr3	156415922	0	0	12121	0	12121
chr3	156415939	0	12052	0	0	12052
chr3	156415978	0	0	11971	0	11971
chr3	156497283	0	0	11031	0	11031
chr3	177567399	0	0	0	7650	7650
chr3	192811948	0	10678	0	0	10678
chr4	6459138	0	0	0	11992	11992
chr4	6459192	0	0	9511	0	9511
chr4	20521698	0	11092	0	0	11092
chr4	54733224	0	8405	0	0	8405
chr4	54733249	0	0	7251	0	7251
chr4	94932782	0	0	8666	0	8666
chr4	105236024	0	0	0	11662	11662
chr4	105236078	11827	0	0	0	11827
chr4	105237032	0	0	11560	0	11560
chr4	105276183	0	0	11502	0	11502
chr4	117369074	0	0	6709	0	6709
chr4	136881982	8194	0	0	0	8194
chr4	139722579	10104	0	0	0	10104
chr4	171825422	0	0	9256	0	9256
chr4	171825435	0	0	0	9665	9665
chr4	173533477	0	10757	0	0	10757
chr4	177840335	0	0	10518	0	10518
chr5	7476066	1	0	8815	0	8816
chr5	9516788	0	11206	0	0	11206
chr5	9516855	0	0	11820	0	11820
chr5	16081009	0	11657	0	0	11657
chr5	16081075	0	10503	0	0	10503
chr5	16799232	0	4135	0	5211	9346
chr5	27027009	0	0	8333	0	8333
chr5	35909613	0	0	0	10163	10163
chr5	45580051	0	10694	0	0	10694
chr5	45580094	0	0	0	8730	8730
chr5	61368607	0	0	0	10726	10726
chr5	83179950	0	0	10579	0	10579
chr5	111118182	0	0	0	11441	11441
chr5	167685548	0	0	11082	0	11082
chr5	167685596	4897	0	5275	0	10172
chr6	39208712	11828	0	0	0	11828
chr6	42424840	0	10089	0	1	10090
chr6	150236294	5189	0	5766	0	10955
chr6	150236320	1	0	10123	0	10124
chr6	151284044	0	0	11926	0	11926
chr6	156879789	0	0	10440	0	10440
chr7	3517258	0	7670	0	0	7670
chr7	3884930	0	11886	0	0	11886
chr7	18892675	4610	0	4885	0	9495
chr7	21816505	0	11252	0	0	11252
chr7	42022250	0	11066	0	0	11066
chr7	44239158	0	11571	0	0	11571
chr7	89114067	2567	0	3289	0	5856
chr7	102898068	0	0	6193	0	6193
chr7	114443108	0	0	10425	0	10425
chr7	134248238	0	10386	0	0	10386
chr7	137819930	0	0	10793	0	10793
chr7	148807726	3359	0	3134	0	6493
chr7	148809271	0	0	0	10605	10605
chr7	148809309	0	10060	0	0	10060
chr7	148810480	9657	0	0	0	9657
chr7	158031030	0	11723	0	0	11723
chr8	3088396	9876	0	0	0	9876
chr8	3088430	10287	0	0	0	10287
chr8	3172382	4407	0	4933	0	9340
chr8	3172445	0	0	11397	0	11397
chr8	3172474	0	0	10628	0	10628
chr8	3721907	0	0	0	11198	11198
chr8	3721951	0	11402	0	0	11402
chr8	3721952	0	0	11185	0	11185
chr8	18185701	0	0	0	6877	6877
chr8	18185781	0	4735	0	0	4735
chr8	41850874	0	0	12214	0	12214
chr8	41850923	0	0	12219	0	12219
chr8	50190585	0	0	0	6788	6788
chr8	113312929	0	0	7045	0	7045
chr8	113401454	0	7845	0	0	7845
chr8	116852527	0	0	8249	0	8249
chr8	116852533	0	0	0	8365	8365
chr8	116852728	0	0	2641	0	2641
chr8	116854470	0	0	0	9394	9394
chr8	116856616	0	9179	0	0	9179
chr8	116861772	0	5218	0	0	5218
chr8	119785952	0	7305	0	0	7305
chr8	139698382	0	0	10615	0	10615
chr9	9252386	0	0	10365	0	10365
chr9	9555461	0	7626	0	0	7626
chr9	9555526	10253	0	0	0	10253
chr9	83971681	0	0	8113	0	8113
chr9	83971758	0	0	7693	0	7693
chr9	83977111	4599	0	0	0	4599
chr9	83977823	0	0	10442	0	10442
chr9	106598130	0	6726	0	0	6726
chr9	128395067	0	11703	0	0	11703
chrX	12288714	0	0	9744	0	9744
chrX	12288772	0	0	10920	0	10920
chrX	29747856	0	7962	0	0	7962
chrX	29747945	0	0	9204	0	9204
chrX	40053881	0	11884	0	0	11884
chrX	40053900	0	0	0	12415	12415
chrX	40062411	10852	0	0	0	10852
chrX	40062413	0	10462	0	0	10462
chrX	40062682	0	0	11904	0	11904
chrX	40073147	0	12117	0	0	12117
chrX	40073654	0	6009	0	6184	12193
chrX	40074338	0	11891	0	0	11891
chrX	40074386	0	12197	1	0	12198
chrX	40075199	0	0	0	9778	9778
chrX	40077879	1	0	11913	0	11914
chrX	53399756	0	7806	0	0	7806
chrX	53409301	0	0	0	9829	9829
chrX	104593414	0	0	10104	0	10104
chrX	109378421	0	0	0	10482	10482
chrX	124061735	0	1941	0	0	1941
chrX	124063096	0	0	5189	0	5189
chrX	133881117	0	0	9406	0	9406
chrX	133881267	0	9213	0	0	9213
chrX	155099293	0	0	9608	0	9608
