#CHR	POS	Count_A	Count_C	Count_G	Count_T	Good_depth
chr1	1815818	0	11539	0	0	11539
chr1	8653318	19	0	0	6593	6612
chr1	20167244	0	9176	0	0	9176
chr1	20167324	5088	0	5500	0	10588
chr1	33876224	0	0	10478	0	10478
chr1	57542614	5206	4885	0	0	10091
chr1	75159324	9014	0	0	0	9014
chr1	80630582	0	8601	0	0	8601
chr1	80630603	0	0	7908	0	7908
chr1	103051998	0	8497	0	0	8497
chr1	175508637	0	10618	0	0	10618
chr1	184975264	0	10206	0	0	10206
chr1	184975334	0	9885	0	0	9885
chr1	190098243	10431	0	0	0	10431
chr1	190098282	0	0	0	10662	10662
chr1	190098591	0	0	10334	0	10334
chr1	190098939	0	0	9465	0	9465
chr1	190098984	0	0	9587	0	9587
chr1	190099008	0	9720	0	0	9720
chr1	190099032	0	9419	0	0	9419
chr1	190099044	0	9335	0	0	9335
chr1	190099080	0	0	8626	0	8626
chr1	190099212	0	5754	0	0	5754
chr1	190281556	0	0	8686	0	8686
chr1	190281684	0	9568	0	0	9568
chr1	229465267	0	7515	0	0	7515
chr1	229465351	0	9636	0	0	9636
chr10	25270158	0	19	0	9170	9189
chr10	35131703	8046	0	0	0	8046
chr10	62664688	0	0	10891	0	10891
chr10	62664778	0	8660	0	0	8660
chr10	75988441	0	0	9247	0	9247
chr10	87933321	0	0	5470	0	5470
chr10	110581852	0	0	5689	0	5689
chr10	119277962	0	0	10687	0	10687
chr10	122272127	0	4792	0	5285	10077
chr11	9060379	0	4710	0	4473	9183
chr11	12452833	0	10585	0	0	10585
chr11	16448702	0	0	8259	0	8259
chr11	17742337	4919	0	0	0	4919
chr11	32392787	0	0	7769	0	7769
chr11	32396144	6946	0	0	0	6946
chr11	32396399	0	0	0	10524	10524
chr11	32396416	10345	0	0	0	10345
chr11	34495982	0	0	10644	0	10644
chr11	36153743	0	4208	0	3713	7921
chr11	36153766	9135	0	0	0	9135
chr11	61104601	10236	0	0	0	10236
chr11	61104628	0	0	10706	0	10706
chr11	72657733	0	11159	0	0	11159
chr11	82358712	0	0	0	5622	5622
chr11	82358771	5780	0	0	12	5792
chr11	99206526	0	8617	0	0	8617
chr11	99206616	8466	0	0	0	8466
chr11	99568750	0	0	6148	0	6148
chr11	99568754	0	0	6370	0	6370
chr11	108229136	0	0	4798	0	4798
chr11	108245051	0	0	7104	0	7104
chr11	108245084	5914	0	0	0	5914
chr11	108247163	0	8083	0	0	8083
chr11	108248903	0	0	2175	0	2175
chr11	108272618	0	0	9805	0	9805
chr11	108293534	6575	0	0	0	6575
chr11	108294907	0	0	7511	0	7511
chr11	108294944	0	9716	0	0	9716
chr11	108299649	5854	0	0	0	5854
chr11	108315981	0	10271	0	0	10271
chr11	108316068	0	10809	0	0	10809
chr11	108325269	0	1574	0	0	1574
chr11	108347366	0	0	9168	0	9168
chr11	131690353	0	11034	0	16	11050
chr11	132079459	0	10512	0	38	10550
chr12	25159938	0	0	0	4017	4017
chr12	26645162	0	0	0	10294	10294
chr12	79117344	0	0	9328	0	9328
chr12	80593442	33	8347	0	0	8380
chr12	80593453	0	0	8465	0	8465
chr12	109763658	0	0	10539	0	10539
chr12	109763732	0	0	10182	0	10182
chr12	125618336	0	0	10131	0	10131
chr12	131030691	0	0	10536	0	10536
chr12	131030749	0	0	10800	0	10800
chr12	131030808	0	10258	0	0	10258
chr13	28018409	0	0	0	7936	7936
chr13	29381579	0	7237	0	0	7237
chr13	42036066	0	0	5184	0	5184
chr13	42036103	0	0	7084	0	7084
chr13	42036182	6006	0	0	0	6006
chr13	60439455	3441	0	4441	0	7882
chr13	60439481	0	0	4647	3665	8312
chr13	85427587	0	42	0	9351	9393
chr13	101837480	0	0	6290	0	6290
chr13	107545680	0	10277	0	0	10277
chr13	107545683	0	10477	0	0	10477
chr13	107545767	0	8937	0	0	8937
chr14	38902662	0	9514	0	0	9514
chr14	67543416	0	0	7336	0	7336
chr14	76153957	0	37	0	9441	9478
chr14	99815833	4793	0	5319	0	10112
chr14	99815847	5014	0	5347	0	10361
chr15	27163121	0	5338	0	4966	10304
chr15	27791784	8753	0	0	0	8753
chr15	39607817	0	0	0	6203	6203
chr15	39607855	0	0	4837	0	4837
chr15	44013752	0	0	5624	0	5624
chr15	80115617	0	0	7280	0	7280
chr16	6034567	0	0	7670	0	7670
chr16	6379472	5986	0	0	0	5986
chr16	6379495	0	0	0	7066	7066
chr16	6379558	18	0	7838	0	7856
chr16	9910458	4598	0	0	0	4598
chr16	9910537	1	1197	0	0	1198
chr16	15724284	5210	5024	0	0	10234
chr16	52568387	0	8324	0	0	8324
chr16	57370452	0	0	8908	0	8908
chr16	67612169	0	10530	0	0	10530
chr16	67616739	0	10924	0	0	10924
chr16	67616833	0	10834	0	2	10836
chr16	67626474	0	0	1447	0	1447
chr16	67628501	0	10852	0	0	10852
chr16	73386115	0	0	0	9257	9257
chr17	5834703	0	10184	0	0	10184
chr17	7669642	0	0	9866	0	9866
chr17	7673334	0	7798	0	0	7798
chr17	12621539	6284	0	0	0	6284
chr17	12621553	6680	0	0	0	6680
chr17	12621560	7044	0	0	0	7044
chr17	12621561	0	0	0	7099	7099
chr17	12621573	0	7304	0	0	7304
chr17	12621581	0	0	7636	0	7636
chr17	12621616	0	0	0	8137	8137
chr17	12621644	7117	0	0	0	7117
chr17	12621670	0	5969	0	0	5969
chr17	33287759	0	0	0	9692	9692
chr17	33287852	0	10779	0	0	10779
chr17	51067614	0	0	9083	0	9083
chr17	53823336	0	0	10054	0	10054
chr17	60656634	0	0	9450	0	9450
chr17	76737017	0	0	9117	0	9117
chr18	4193945	5486	0	0	0	5486
chr18	7579194	0	4442	0	4038	8480
chr18	7579277	9848	0	0	0	9848
chr18	7579294	9394	0	0	0	9394
chr18	27125186	5	0	6722	0	6727
chr18	32968861	0	0	0	5796	5796
chr18	35001079	0	0	7363	0	7363
chr18	50593212	16	0	10307	0	10323
chr18	58968498	0	0	0	10878	10878
chr18	58968538	0	10552	0	0	10552
chr18	62527782	0	0	8678	8	8686
chr18	69764027	0	10463	0	36	10499
chr18	74666435	0	5716	0	5305	11021
chr19	29509552	0	11234	0	0	11234
chr19	30530958	0	0	10573	0	10573
chr19	30530988	0	10620	0	0	10620
chr19	32773283	0	10514	0	0	10514
chr19	33301659	3366	2660	0	0	6026
chr19	33301722	0	2597	2352	0	4949
chr19	33302244	0	7406	0	0	7406
chr19	44782295	0	8773	0	0	8773
chr2	1154666	8931	0	0	0	8931
chr2	1742901	0	0	9901	0	9901
chr2	1742960	0	0	0	10225	10225
chr2	10406422	0	0	10454	0	10454
chr2	10406468	0	10697	0	0	10697
chr2	10406503	0	0	10685	0	10685
chr2	15329045	0	3019	0	3553	6572
chr2	15329122	0	0	0	9540	9540
chr2	25235677	0	9066	0	0	9066
chr2	25236935	0	10208	0	1	10209
chr2	25237072	0	8624	0	0	8624
chr2	25240614	0	0	9813	0	9813
chr2	25244019	0	0	9881	0	9881
chr2	25245214	0	0	10454	0	10454
chr2	25246633	0	10625	0	0	10625
chr2	25246787	10503	1	0	0	10504
chr2	25247044	0	10226	0	0	10226
chr2	25247639	10769	0	0	0	10769
chr2	25247790	0	0	10359	0	10359
chr2	26629636	0	0	10279	0	10279
chr2	98389058	51	0	11034	0	11085
chr2	132582244	0	0	9568	0	9568
chr2	133060506	0	0	7775	0	7775
chr2	145061824	9610	0	0	0	9610
chr2	162614954	4937	0	0	0	4937
chr2	162614972	5714	0	0	0	5714
chr2	162615021	0	7164	0	0	7164
chr2	173947911	0	30	0	9902	9932
chr20	83148	0	0	9932	0	9932
chr20	83158	0	5059	0	4379	9438
chr20	14300177	0	7978	0	0	7978
chr20	14300230	0	0	9774	0	9774
chr20	17433202	0	9904	0	0	9904
chr20	17433203	39	0	9697	0	9736
chr20	17438980	0	0	10602	0	10602
chr20	17438999	0	44	0	10918	10962
chr20	17439070	0	8904	0	0	8904
chr20	32436288	0	0	10716	0	10716
chr20	37048217	0	10739	0	0	10739
chr20	42445130	0	0	10336	0	10336
chr20	43031194	0	10872	0	0	10872
chr20	46026997	0	0	10426	0	10426
chr21	32724643	0	1846	0	2118	3964
chr21	34859490	0	8656	0	0	8656
chr21	34859553	8728	0	0	0	8728
chr22	23146855	0	0	8830	0	8830
chr22	28688034	0	2	0	5702	5704
chr22	28688046	5220	0	1	0	5221
chr22	28688052	2	0	4846	0	4848
chr22	28689180	0	1896	0	0	1896
chr22	28725419	0	0	7959	0	7959
chr22	32446726	10279	0	8	0	10287
chr22	32446740	0	0	10209	0	10209
chr22	36632626	0	0	0	9344	9344
chr22	39588816	0	10672	0	0	10672
chr22	50177597	0	10344	0	0	10344
chr3	38284876	0	11025	0	0	11025
chr3	79767107	0	10135	0	0	10135
chr3	79767140	0	5104	0	4981	10085
chr3	79767230	0	4128	4473	0	8601
chr3	107382367	0	9618	0	0	9618
chr3	124684464	0	10307	0	38	10345
chr3	140454513	0	9925	0	0	9925
chr3	140454553	0	9181	0	0	9181
chr3	156415908	0	10556	0	0	10556
chr3	156415922	0	0	11095	0	11095
chr3	156415939	0	11072	0	0	11072
chr3	156415978	0	0	10899	0	10899
chr3	156497283	0	0	10229	0	10229
chr3	177567399	0	0	7755	0	7755
chr3	192811948	0	9417	0	0	9417
chr4	6459138	0	0	0	10782	10782
chr4	6459192	0	0	8674	0	8674
chr4	20521698	0	9935	0	33	9968
chr4	54733224	0	7298	0	0	7298
chr4	54733249	0	0	6175	0	6175
chr4	94932782	0	0	7849	0	7849
chr4	105236024	0	0	0	10089	10089
chr4	105236078	10411	0	0	0	10411
chr4	105237032	4945	0	5309	0	10254
chr4	105276183	0	0	10309	0	10309
chr4	117369074	0	0	5246	0	5246
chr4	136881982	7302	0	0	0	7302
chr4	139722579	8770	0	39	0	8809
chr4	171825422	9435	0	0	0	9435
chr4	171825435	0	33	0	9325	9358
chr4	173533477	0	9666	0	0	9666
chr4	177840335	0	0	9616	0	9616
chr5	7476066	0	0	7803	0	7803
chr5	9516788	0	10061	0	0	10061
chr5	9516855	0	0	10640	0	10640
chr5	16081009	0	10550	0	0	10550
chr5	16081075	0	9453	0	0	9453
chr5	16799232	0	0	0	9142	9142
chr5	27027009	0	0	7707	0	7707
chr5	35909613	0	0	0	9207	9207
chr5	45580051	0	9621	0	2	9623
chr5	45580094	0	0	0	7750	7750
chr5	61368607	0	0	32	9767	9799
chr5	83179950	34	0	9093	0	9127
chr5	111118182	0	52	0	10403	10455
chr5	167685548	0	0	9797	0	9797
chr5	167685596	0	0	9088	0	9088
chr6	39208712	10795	0	0	0	10795
chr6	42424840	0	0	0	7760	7760
chr6	150236294	0	0	9776	0	9776
chr6	150236320	0	0	8758	0	8758
chr6	151284044	0	0	10716	0	10716
chr6	156879789	8240	0	0	0	8240
chr7	3517258	0	6812	0	0	6812
chr7	3884930	0	10740	0	0	10740
chr7	18892675	0	0	8835	0	8835
chr7	21816505	0	9965	0	28	9993
chr7	42022250	0	9900	0	0	9900
chr7	44239158	0	10237	0	0	10237
chr7	89114067	0	0	5281	0	5281
chr7	102898068	6562	0	0	0	6562
chr7	114443108	28	0	9285	0	9313
chr7	134248238	0	9341	1	0	9342
chr7	137819930	0	0	9873	0	9873
chr7	148807726	5585	0	0	0	5585
chr7	148809271	0	0	8764	0	8764
chr7	148809309	0	8765	0	0	8765
chr7	148810480	8691	0	0	0	8691
chr7	158031030	0	10626	0	0	10626
chr8	3088396	8873	0	0	0	8873
chr8	3088430	9393	0	0	0	9393
chr8	3172382	0	0	8817	0	8817
chr8	3172445	0	0	10430	0	10430
chr8	3172474	0	0	9686	0	9686
chr8	3721907	0	0	0	9876	9876
chr8	3721951	0	10479	0	0	10479
chr8	3721952	0	0	10298	0	10298
chr8	18185701	0	0	0	6191	6191
chr8	18185781	0	4148	0	0	4148
chr8	41850874	0	0	10781	0	10781
chr8	41850923	0	0	10990	0	10990
chr8	50190585	0	0	0	5987	5987
chr8	113312929	0	0	6367	0	6367
chr8	113401454	0	7007	0	0	7007
chr8	116852527	0	0	7285	0	7285
chr8	116852533	0	0	0	7426	7426
chr8	116852728	0	0	2597	0	2597
chr8	116854470	0	0	0	8317	8317
chr8	116856616	0	8235	0	0	8235
chr8	116861772	0	4708	0	0	4708
chr8	119785952	0	6513	0	0	6513
chr8	139698382	0	0	9390	0	9390
chr9	9252386	0	0	9277	0	9277
chr9	9555461	0	6923	0	0	6923
chr9	9555526	9349	0	0	0	9349
chr9	83971681	0	0	7089	0	7089
chr9	83971758	0	0	6737	0	6737
chr9	83977111	2165	0	1919	0	4084
chr9	83977823	0	0	9337	0	9337
chr9	106598130	0	5826	0	0	5826
chr9	128395067	0	10010	0	0	10010
chrX	12288714	0	0	4732	0	4732
chrX	12288772	0	0	5233	0	5233
chrX	29747856	0	3708	0	0	3708
chrX	29747945	0	0	4180	0	4180
chrX	40053881	0	5526	0	0	5526
chrX	40053900	0	0	0	5748	5748
chrX	40062411	5149	0	0	0	5149
chrX	40062413	0	4976	0	0	4976
chrX	40062682	0	0	5382	0	5382
chrX	40073147	0	5594	0	0	5594
chrX	40073654	0	5293	0	0	5293
chrX	40074338	0	5404	0	0	5404
chrX	40074386	0	5585	0	0	5585
chrX	40075199	0	0	0	4522	4522
chrX	40077879	0	0	5239	0	5239
chrX	53399756	0	4098	0	0	4098
chrX	53409301	0	0	0	4976	4976
chrX	104593414	31	0	4827	0	4858
chrX	109378421	0	0	0	4875	4875
chrX	124061735	0	2077	0	0	2077
chrX	124063096	0	0	3365	0	3365
chrX	133881117	0	0	4260	0	4260
chrX	133881267	0	4126	0	0	4126
chrX	155099293	0	0	5185	0	5185
