#CHR	POS	Count_A	Count_C	Count_G	Count_T	Good_depth
chr1	1815818	0	22172	0	1	22173
chr1	8653318	0	0	0	12559	12559
chr1	20167244	0	16752	0	0	16752
chr1	20167324	2	0	19784	0	19786
chr1	33876224	0	0	19989	0	19989
chr1	57542614	9948	9303	0	0	19251
chr1	75159324	19213	0	0	8	19221
chr1	80630582	0	17271	0	0	17271
chr1	80630603	0	0	15878	0	15878
chr1	103051998	0	18361	0	0	18361
chr1	175508637	0	20419	0	0	20419
chr1	184975264	0	20391	0	1	20392
chr1	184975334	0	20120	0	0	20120
chr1	190098243	20702	0	0	0	20702
chr1	190098282	0	0	0	21265	21265
chr1	190098591	2	0	19472	0	19474
chr1	190098939	0	0	18566	0	18566
chr1	190098984	0	0	18648	0	18648
chr1	190099008	0	18963	0	3	18966
chr1	190099032	0	18436	0	0	18436
chr1	190099044	0	18467	4	1	18472
chr1	190099080	0	0	17187	0	17187
chr1	190099212	0	12953	0	0	12953
chr1	190281556	0	0	17379	0	17379
chr1	190281684	0	19937	0	0	19937
chr1	229465267	6337	7870	0	0	14207
chr1	229465351	0	19193	0	0	19193
chr10	25270158	0	0	0	18306	18306
chr10	35131703	16388	0	0	0	16388
chr10	62664688	0	0	20605	0	20605
chr10	62664778	0	16363	0	0	16363
chr10	75988441	0	0	17536	0	17536
chr10	87933321	0	0	12192	0	12192
chr10	110581852	0	0	12377	0	12377
chr10	119277962	0	0	21499	0	21499
chr10	122272127	0	3	0	20175	20178
chr11	9060379	0	9018	0	8272	17290
chr11	12452833	0	19075	0	0	19075
chr11	16448702	1	0	16834	0	16835
chr11	17742337	8920	3	0	0	8923
chr11	32392787	0	0	15228	0	15228
chr11	32396144	13668	0	0	0	13668
chr11	32396399	0	9254	0	10042	19296
chr11	32396416	19567	0	0	0	19567
chr11	34495982	0	0	20248	0	20248
chr11	36153743	0	16227	0	2	16229
chr11	36153766	18067	0	4	0	18071
chr11	61104601	3	19962	0	0	19965
chr11	61104628	0	2	19851	0	19853
chr11	72657733	0	19351	0	0	19351
chr11	82358712	0	0	0	11007	11007
chr11	82358771	11471	0	0	0	11471
chr11	99206526	0	8455	0	7070	15525
chr11	99206616	8718	0	5384	0	14102
chr11	99568750	0	0	12605	0	12605
chr11	99568754	0	0	13165	0	13165
chr11	108229136	0	0	9971	0	9971
chr11	108245051	0	0	4	16457	16461
chr11	108245084	13460	0	0	0	13460
chr11	108247163	2	17747	0	0	17749
chr11	108248903	0	0	4657	0	4657
chr11	108272618	0	0	22380	0	22380
chr11	108293534	13820	0	0	0	13820
chr11	108294907	18070	0	2	0	18072
chr11	108294944	0	21592	0	0	21592
chr11	108299649	12478	0	2	0	12480
chr11	108315981	0	22227	0	0	22227
chr11	108316068	0	23073	0	1	23074
chr11	108325269	0	3168	0	0	3168
chr11	108347366	0	3	19835	0	19838
chr11	131690353	0	19865	0	0	19865
chr11	132079459	0	20685	0	0	20685
chr12	25159938	0	0	0	7023	7023
chr12	26645162	0	18463	1	1	18465
chr12	79117344	0	0	18495	0	18495
chr12	80593442	0	17329	0	0	17329
chr12	80593453	0	0	17494	0	17494
chr12	109763658	0	0	19524	0	19524
chr12	109763732	0	0	18605	0	18605
chr12	125618336	0	0	19839	0	19839
chr12	131030691	1	0	19527	0	19528
chr12	131030749	1	0	19826	0	19827
chr12	131030808	0	18736	0	0	18736
chr13	28018409	0	0	0	15090	15090
chr13	29381579	0	14023	0	0	14023
chr13	42036066	0	0	10552	0	10552
chr13	42036103	0	0	14227	0	14227
chr13	42036182	11857	0	0	0	11857
chr13	60439455	1	0	17354	0	17355
chr13	60439481	0	0	17969	2	17971
chr13	85427587	0	0	0	19272	19272
chr13	101837480	42	0	12531	0	12573
chr13	107545680	0	20265	0	1	20266
chr13	107545683	0	20679	0	0	20679
chr13	107545767	0	17898	0	0	17898
chr14	38902662	0	18845	0	0	18845
chr14	67543416	0	0	14334	0	14334
chr14	76153957	0	0	0	19327	19327
chr14	99815833	2	0	20315	0	20317
chr14	99815847	2	0	20301	0	20303
chr15	27163121	0	19306	0	0	19306
chr15	27791784	16784	0	0	0	16784
chr15	39607817	0	0	0	12517	12517
chr15	39607855	0	0	9727	0	9727
chr15	44013752	2	0	11524	0	11526
chr15	80115617	0	0	15334	0	15334
chr16	6034567	0	0	14671	0	14671
chr16	6379472	11254	0	0	0	11254
chr16	6379495	0	0	0	13392	13392
chr16	6379558	1	0	14989	0	14990
chr16	9910458	8555	0	0	0	8555
chr16	9910537	0	2349	0	0	2349
chr16	15724284	9593	9410	0	0	19003
chr16	52568387	0	16607	0	0	16607
chr16	57370452	2	0	16285	0	16287
chr16	67612169	0	21475	0	0	21475
chr16	67616739	0	21119	0	0	21119
chr16	67616833	0	21418	0	0	21418
chr16	67626474	1	0	2577	0	2578
chr16	67628501	0	20719	0	1	20720
chr16	73386115	0	0	0	17931	17931
chr17	5834703	0	20765	0	0	20765
chr17	7669642	0	0	18637	0	18637
chr17	7673334	0	15292	0	0	15292
chr17	12621539	5936	0	4585	0	10521
chr17	12621553	12307	0	0	3	12310
chr17	12621560	13243	0	2	0	13245
chr17	12621561	0	0	0	13319	13319
chr17	12621573	0	14297	0	1	14298
chr17	12621581	0	0	7470	7410	14880
chr17	12621616	0	0	0	17330	17330
chr17	12621644	15199	0	0	0	15199
chr17	12621670	0	6563	0	6037	12600
chr17	33287759	1	0	0	17820	17821
chr17	33287852	0	19931	0	0	19931
chr17	51067614	0	0	18890	0	18890
chr17	53823336	0	0	18745	0	18745
chr17	60656634	0	0	19609	0	19609
chr17	76737017	15254	0	2	0	15256
chr18	4193945	11507	0	0	0	11507
chr18	7579194	0	16814	0	1	16815
chr18	7579277	19104	0	0	0	19104
chr18	7579294	18390	0	0	0	18390
chr18	27125186	0	0	13423	0	13423
chr18	32968861	2	0	0	11659	11661
chr18	35001079	0	0	14200	0	14200
chr18	50593212	0	0	21222	0	21222
chr18	58968498	0	0	0	20297	20297
chr18	58968538	0	20053	0	0	20053
chr18	62527782	0	0	17280	0	17280
chr18	69764027	0	21159	0	0	21159
chr18	74666435	0	10616	0	10198	20814
chr19	29509552	0	19955	0	0	19955
chr19	30530958	0	0	19375	0	19375
chr19	30530988	0	19583	0	0	19583
chr19	32773283	0	20751	0	0	20751
chr19	33301659	2	7775	0	0	7777
chr19	33301722	0	0	6684	0	6684
chr19	33302244	0	10609	0	0	10609
chr19	44782295	0	15413	0	2	15415
chr2	1154666	17115	0	0	0	17115
chr2	1742901	0	0	17337	0	17337
chr2	1742960	0	0	0	17590	17590
chr2	10406422	0	0	19263	0	19263
chr2	10406468	0	20089	0	0	20089
chr2	10406503	0	0	20363	0	20363
chr2	15329045	0	5963	0	7261	13224
chr2	15329122	0	0	0	18886	18886
chr2	25235677	0	16146	0	1	16147
chr2	25236935	0	18359	0	0	18359
chr2	25237072	0	16256	0	0	16256
chr2	25240614	0	0	17839	0	17839
chr2	25244019	0	0	17384	1	17385
chr2	25245214	0	0	18358	0	18358
chr2	25246633	0	17951	0	0	17951
chr2	25246787	17772	0	0	0	17772
chr2	25247044	0	18367	0	2	18369
chr2	25247639	18839	0	0	0	18839
chr2	25247790	1	0	17697	0	17698
chr2	26629636	0	0	18237	0	18237
chr2	98389058	0	0	20530	0	20530
chr2	132582244	0	0	18185	0	18185
chr2	133060506	0	0	15820	0	15820
chr2	145061824	19724	0	0	0	19724
chr2	162614954	9683	0	0	0	9683
chr2	162614972	11301	0	0	0	11301
chr2	162615021	0	14435	0	3	14438
chr2	173947911	0	0	0	21401	21401
chr20	83148	1	0	20127	0	20128
chr20	83158	0	19739	0	2	19741
chr20	14300177	0	16812	0	1	16813
chr20	14300230	0	0	20147	0	20147
chr20	17433202	0	19929	0	0	19929
chr20	17433203	0	0	19834	0	19834
chr20	17438980	0	0	19828	1	19829
chr20	17438999	0	0	0	20540	20540
chr20	17439070	0	16566	0	0	16566
chr20	32436288	0	0	20107	0	20107
chr20	37048217	0	21945	0	0	21945
chr20	42445130	0	0	20160	0	20160
chr20	43031194	0	20227	0	0	20227
chr20	46026997	0	0	20057	0	20057
chr21	32724643	0	6725	0	0	6725
chr21	34859490	0	16741	0	3	16744
chr21	34859553	17109	0	2	0	17111
chr22	23146855	16302	0	5	0	16307
chr22	28688034	0	5	0	12068	12073
chr22	28688046	11060	0	11	0	11071
chr22	28688052	11	0	10356	0	10367
chr22	28689180	0	5095	4	0	5099
chr22	28725419	0	0	16596	0	16596
chr22	32446726	20522	0	0	0	20522
chr22	32446740	0	0	20720	0	20720
chr22	36632626	0	0	0	18397	18397
chr22	39588816	0	19042	0	0	19042
chr22	50177597	0	18554	0	0	18554
chr3	38284876	0	21287	0	4	21291
chr3	79767107	0	18784	0	0	18784
chr3	79767140	0	19527	0	2	19529
chr3	79767230	0	7678	8080	0	15758
chr3	107382367	0	20095	0	0	20095
chr3	124684464	0	19611	0	0	19611
chr3	140454513	0	9812	0	8890	18702
chr3	140454553	0	17899	0	0	17899
chr3	156415908	0	20036	0	0	20036
chr3	156415922	0	0	20825	0	20825
chr3	156415939	0	20712	0	0	20712
chr3	156415978	0	0	20755	0	20755
chr3	156497283	0	0	21307	0	21307
chr3	177567399	0	0	2	13382	13384
chr3	192811948	0	18859	0	0	18859
chr4	6459138	0	0	0	20036	20036
chr4	6459192	2	0	15823	0	15825
chr4	20521698	0	20912	0	0	20912
chr4	54733224	0	15002	0	0	15002
chr4	54733249	0	0	13032	0	13032
chr4	94932782	0	0	15868	0	15868
chr4	105236024	0	0	0	20926	20926
chr4	105236078	21227	0	0	0	21227
chr4	105237032	2	0	21292	0	21294
chr4	105276183	0	0	20136	0	20136
chr4	117369074	0	0	11239	0	11239
chr4	136881982	15521	0	0	0	15521
chr4	139722579	18635	0	0	0	18635
chr4	171825422	1	0	16994	0	16995
chr4	171825435	0	0	0	17493	17493
chr4	173533477	0	18206	0	0	18206
chr4	177840335	0	0	19125	0	19125
chr5	7476066	0	0	15349	0	15349
chr5	9516788	2	19766	0	0	19768
chr5	9516855	0	0	20859	0	20859
chr5	16081009	0	20233	0	0	20233
chr5	16081075	0	18384	0	0	18384
chr5	16799232	0	7623	0	9650	17273
chr5	27027009	0	0	15960	0	15960
chr5	35909613	2	0	0	19504	19506
chr5	45580051	0	19028	0	0	19028
chr5	45580094	0	0	0	15409	15409
chr5	61368607	0	0	0	20449	20449
chr5	83179950	0	0	18709	0	18709
chr5	111118182	0	0	0	21760	21760
chr5	167685548	0	0	20527	0	20527
chr5	167685596	8680	0	9513	0	18193
chr6	39208712	19730	0	0	0	19730
chr6	42424840	0	18094	0	2	18096
chr6	150236294	8761	0	9947	0	18708
chr6	150236320	1	0	17267	0	17268
chr6	151284044	0	0	20268	0	20268
chr6	156879789	2	0	18372	0	18374
chr7	3517258	0	14951	0	0	14951
chr7	3884930	0	19874	0	0	19874
chr7	18892675	8118	0	9002	0	17120
chr7	21816505	0	20039	0	0	20039
chr7	42022250	0	21164	0	0	21164
chr7	44239158	0	16300	0	0	16300
chr7	89114067	4449	0	5825	0	10274
chr7	102898068	1	0	11160	0	11161
chr7	114443108	0	0	19650	0	19650
chr7	134248238	0	18494	0	0	18494
chr7	137819930	0	0	19221	0	19221
chr7	148807726	5825	0	5425	0	11250
chr7	148809271	0	0	2	18947	18949
chr7	148809309	0	17916	0	0	17916
chr7	148810480	16891	0	0	0	16891
chr7	158031030	0	19870	0	1	19871
chr8	3088396	17857	0	0	0	17857
chr8	3088430	18388	0	0	0	18388
chr8	3172382	7836	0	8573	0	16409
chr8	3172445	0	0	19956	0	19956
chr8	3172474	0	0	18480	0	18480
chr8	3721907	0	0	0	19806	19806
chr8	3721951	0	20011	0	0	20011
chr8	3721952	2	0	19742	0	19744
chr8	18185701	0	0	0	12370	12370
chr8	18185781	0	8490	0	0	8490
chr8	41850874	1	0	20215	0	20216
chr8	41850923	0	0	20316	0	20316
chr8	50190585	0	0	0	12055	12055
chr8	113312929	0	0	12452	0	12452
chr8	113401454	0	14699	0	0	14699
chr8	116852527	0	0	15203	0	15203
chr8	116852533	0	0	0	15479	15479
chr8	116852728	0	0	4571	0	4571
chr8	116854470	0	0	0	16865	16865
chr8	116856616	0	17538	0	0	17538
chr8	116861772	0	9725	0	0	9725
chr8	119785952	0	12792	0	0	12792
chr8	139698382	0	0	16392	0	16392
chr9	9252386	0	0	18384	0	18384
chr9	9555461	0	15169	0	0	15169
chr9	9555526	20188	0	0	0	20188
chr9	83971681	0	0	14282	0	14282
chr9	83971758	0	0	13643	0	13643
chr9	83977111	8093	0	2	0	8095
chr9	83977823	1	0	19638	0	19639
chr9	106598130	0	11650	0	0	11650
chr9	128395067	0	18664	0	0	18664
chrX	12288714	0	0	17925	0	17925
chrX	12288772	0	0	19991	0	19991
chrX	29747856	0	14801	0	0	14801
chrX	29747945	0	0	17200	0	17200
chrX	40053881	0	20524	0	0	20524
chrX	40053900	0	0	0	20925	20925
chrX	40062411	17616	0	0	0	17616
chrX	40062413	0	17173	0	0	17173
chrX	40062682	0	0	19624	0	19624
chrX	40073147	0	19600	0	1	19601
chrX	40073654	0	9668	0	10194	19862
chrX	40074338	0	19403	0	0	19403
chrX	40074386	0	19801	0	2	19803
chrX	40075199	0	0	0	15883	15883
chrX	40077879	7	0	19378	0	19385
chrX	53399756	0	13034	0	0	13034
chrX	53409301	0	0	0	15973	15973
chrX	104593414	0	0	17793	0	17793
chrX	109378421	0	0	0	18518	18518
chrX	124061735	0	3767	0	0	3767
chrX	124063096	0	0	9264	0	9264
chrX	133881117	0	0	17782	0	17782
chrX	133881267	0	17203	0	0	17203
chrX	155099293	0	0	17266	0	17266
