#CHR	POS	Count_A	Count_C	Count_G	Count_T	Good_depth
chr1	1815818	0	20615	0	1	20616
chr1	8653318	0	0	0	12781	12781
chr1	20167244	0	16470	0	0	16470
chr1	20167324	0	0	18476	0	18476
chr1	33876224	0	0	19268	0	19268
chr1	57542614	20150	3	0	0	20153
chr1	75159324	19684	0	0	0	19684
chr1	80630582	0	18506	0	0	18506
chr1	80630603	0	0	16781	0	16781
chr1	103051998	0	18026	0	2	18028
chr1	175508637	0	19778	0	0	19778
chr1	184975264	0	20293	0	0	20293
chr1	184975334	0	20105	0	0	20105
chr1	190098243	20754	0	0	0	20754
chr1	190098282	0	0	0	21321	21321
chr1	190098591	2	0	19139	0	19141
chr1	190098939	2	0	18773	0	18775
chr1	190098984	0	0	18717	0	18717
chr1	190099008	0	19330	0	1	19331
chr1	190099032	0	18814	0	2	18816
chr1	190099044	0	18723	0	0	18723
chr1	190099080	0	0	17269	0	17269
chr1	190099212	0	13254	0	0	13254
chr1	190281556	0	0	17591	0	17591
chr1	190281684	0	20996	0	0	20996
chr1	229465267	12932	4	0	0	12936
chr1	229465351	0	19141	0	0	19141
chr10	25270158	0	0	0	18601	18601
chr10	35131703	15354	0	0	0	15354
chr10	62664688	0	0	20524	0	20524
chr10	62664778	0	16158	0	3	16161
chr10	75988441	0	0	16847	0	16847
chr10	87933321	0	0	12028	0	12028
chr10	110581852	0	0	11704	0	11704
chr10	119277962	0	0	21715	0	21715
chr10	122272127	0	8976	0	9974	18950
chr11	9060379	0	17246	0	3	17249
chr11	12452833	0	18620	0	0	18620
chr11	16448702	2	0	16989	0	16991
chr11	17742337	9015	0	0	0	9015
chr11	32392787	0	0	15350	3	15353
chr11	32396144	13211	3	0	0	13214
chr11	32396399	0	0	0	18985	18985
chr11	32396416	18672	0	2	0	18674
chr11	34495982	0	0	19341	0	19341
chr11	36153743	0	16055	0	0	16055
chr11	36153766	17873	0	0	0	17873
chr11	61104601	8940	9276	0	0	18216
chr11	61104628	0	0	18776	0	18776
chr11	72657733	0	17720	0	0	17720
chr11	82358712	0	0	0	11532	11532
chr11	82358771	12107	0	0	0	12107
chr11	99206526	0	17414	0	0	17414
chr11	99206616	16651	0	0	0	16651
chr11	99568750	0	0	12639	0	12639
chr11	99568754	0	0	13054	0	13054
chr11	108229136	0	0	10494	0	10494
chr11	108245051	0	0	0	16067	16067
chr11	108245084	12987	0	0	0	12987
chr11	108247163	0	17789	0	0	17789
chr11	108248903	0	0	4090	0	4090
chr11	108272618	2	0	22726	0	22728
chr11	108293534	13038	1	0	0	13039
chr11	108294907	17404	0	0	0	17404
chr11	108294944	0	20567	0	0	20567
chr11	108299649	12292	0	0	0	12292
chr11	108315981	0	21487	0	0	21487
chr11	108316068	0	22889	0	0	22889
chr11	108325269	0	2742	0	0	2742
chr11	108347366	0	0	18770	0	18770
chr11	131690353	0	19440	0	0	19440
chr11	132079459	0	20870	0	0	20870
chr12	25159938	0	0	0	9198	9198
chr12	26645162	0	18020	0	2	18022
chr12	79117344	2	0	18973	0	18975
chr12	80593442	0	17861	0	0	17861
chr12	80593453	0	0	18090	0	18090
chr12	109763658	0	0	18495	0	18495
chr12	109763732	0	0	17283	1	17284
chr12	125618336	0	0	19702	0	19702
chr12	131030691	4	0	19095	0	19099
chr12	131030749	0	0	18651	0	18651
chr12	131030808	0	17575	0	0	17575
chr13	28018409	0	2	0	15198	15200
chr13	29381579	0	14850	0	0	14850
chr13	42036066	0	0	10528	0	10528
chr13	42036103	0	0	14206	0	14206
chr13	42036182	12174	0	0	0	12174
chr13	60439455	2	0	17040	0	17042
chr13	60439481	0	0	17919	2	17921
chr13	85427587	0	0	0	19370	19370
chr13	101837480	0	0	12607	0	12607
chr13	107545680	0	20605	0	0	20605
chr13	107545683	0	20996	0	0	20996
chr13	107545767	0	17897	0	2	17899
chr14	38902662	0	18684	0	2	18686
chr14	67543416	0	0	14454	0	14454
chr14	76153957	0	0	0	18356	18356
chr14	99815833	1	0	20181	0	20182
chr14	99815847	1	0	20302	0	20303
chr15	27163121	0	9546	0	8952	18498
chr15	27791784	17263	0	0	0	17263
chr15	39607817	0	0	0	12458	12458
chr15	39607855	0	0	9597	0	9597
chr15	44013752	0	0	11800	0	11800
chr15	80115617	0	0	14711	0	14711
chr16	6034567	0	0	14450	0	14450
chr16	6379472	12165	3	0	0	12168
chr16	6379495	0	0	0	14450	14450
chr16	6379558	0	0	16552	0	16552
chr16	9910458	7709	0	0	0	7709
chr16	9910537	0	1730	0	0	1730
chr16	15724284	17675	8	0	0	17683
chr16	52568387	0	15997	0	0	15997
chr16	57370452	0	0	16194	0	16194
chr16	67612169	1	21535	0	0	21536
chr16	67616739	0	20690	0	5	20695
chr16	67616833	0	21142	0	0	21142
chr16	67626474	0	0	2386	0	2386
chr16	67628501	0	19935	0	0	19935
chr16	73386115	0	2	0	18401	18403
chr17	5834703	0	20544	0	0	20544
chr17	7669642	0	1	18228	0	18229
chr17	7673334	0	14939	0	0	14939
chr17	12621539	13368	0	6	0	13374
chr17	12621553	14340	0	0	4	14344
chr17	12621560	15068	0	0	0	15068
chr17	12621561	0	3	0	15135	15138
chr17	12621573	0	15705	0	1	15706
chr17	12621581	0	0	16258	0	16258
chr17	12621616	2	0	0	16647	16649
chr17	12621644	14398	0	0	0	14398
chr17	12621670	0	11957	0	0	11957
chr17	33287759	4	0	0	17434	17438
chr17	33287852	2	19669	0	0	19671
chr17	51067614	0	0	18918	1	18919
chr17	53823336	0	0	19729	0	19729
chr17	60656634	0	0	19621	0	19621
chr17	76737017	6970	0	7406	0	14376
chr18	4193945	13244	0	0	0	13244
chr18	7579194	0	16602	0	0	16602
chr18	7579277	19496	0	0	0	19496
chr18	7579294	18663	0	0	0	18663
chr18	27125186	0	0	13204	0	13204
chr18	32968861	0	0	0	11646	11646
chr18	35001079	0	0	14576	0	14576
chr18	50593212	0	0	21303	0	21303
chr18	58968498	0	0	0	19555	19555
chr18	58968538	0	19918	0	0	19918
chr18	62527782	0	0	16797	0	16797
chr18	69764027	0	20609	0	0	20609
chr18	74666435	0	10279	0	9503	19782
chr19	29509552	0	19728	0	0	19728
chr19	30530958	1	0	18927	0	18928
chr19	30530988	0	19854	0	0	19854
chr19	32773283	0	21316	0	0	21316
chr19	33301659	0	7225	0	0	7225
chr19	33301722	0	0	6302	0	6302
chr19	33302244	0	9665	0	0	9665
chr19	44782295	0	13606	0	1	13607
chr2	1154666	16758	0	0	0	16758
chr2	1742901	0	0	17795	0	17795
chr2	1742960	0	0	0	17838	17838
chr2	10406422	0	0	18396	0	18396
chr2	10406468	0	18908	0	3	18911
chr2	10406503	0	0	18935	0	18935
chr2	15329045	0	5922	0	7286	13208
chr2	15329122	0	0	0	18953	18953
chr2	25235677	0	16103	0	7	16110
chr2	25236935	0	17878	0	0	17878
chr2	25237072	0	15498	0	0	15498
chr2	25240614	2	0	16869	0	16871
chr2	25244019	0	0	16468	8	16476
chr2	25245214	0	0	17278	0	17278
chr2	25246633	0	17175	0	4	17179
chr2	25246787	16993	0	0	0	16993
chr2	25247044	0	16947	0	3	16950
chr2	25247639	18450	1	0	0	18451
chr2	25247790	0	0	16846	0	16846
chr2	26629636	0	0	16677	0	16677
chr2	98389058	0	0	20817	0	20817
chr2	132582244	0	0	18438	0	18438
chr2	133060506	0	0	16153	0	16153
chr2	145061824	20018	0	0	0	20018
chr2	162614954	9388	0	0	0	9388
chr2	162614972	11105	0	0	0	11105
chr2	162615021	0	14742	0	0	14742
chr2	173947911	0	0	0	20302	20302
chr20	83148	0	0	19790	0	19790
chr20	83158	0	9815	0	9242	19057
chr20	14300177	0	16710	0	0	16710
chr20	14300230	0	0	20255	0	20255
chr20	17433202	0	20532	0	0	20532
chr20	17433203	0	0	20416	0	20416
chr20	17438980	0	0	19301	0	19301
chr20	17438999	0	0	0	19857	19857
chr20	17439070	0	15575	0	0	15575
chr20	32436288	0	0	19382	0	19382
chr20	37048217	0	21323	0	0	21323
chr20	42445130	0	0	20610	0	20610
chr20	43031194	0	19942	0	0	19942
chr20	46026997	0	0	19739	0	19739
chr21	32724643	0	2	0	8276	8278
chr21	34859490	0	16728	0	0	16728
chr21	34859553	17204	0	0	0	17204
chr22	23146855	16619	0	0	0	16619
chr22	28688034	0	0	0	11298	11298
chr22	28688046	10467	0	5	0	10472
chr22	28688052	5	0	9796	0	9801
chr22	28689180	0	4031	1	0	4032
chr22	28725419	0	0	16165	0	16165
chr22	32446726	20089	0	0	0	20089
chr22	32446740	0	0	20686	0	20686
chr22	36632626	0	0	0	17053	17053
chr22	39588816	0	18823	0	0	18823
chr22	50177597	0	17325	0	0	17325
chr3	38284876	0	20816	0	1	20817
chr3	79767107	0	18654	0	0	18654
chr3	79767140	0	9915	0	9410	19325
chr3	79767230	0	7901	8305	0	16206
chr3	107382367	0	20815	0	0	20815
chr3	124684464	0	18666	0	0	18666
chr3	140454513	0	18688	0	0	18688
chr3	140454553	0	17160	0	0	17160
chr3	156415908	0	20960	0	0	20960
chr3	156415922	0	0	21672	0	21672
chr3	156415939	0	21001	0	0	21001
chr3	156415978	0	0	20862	0	20862
chr3	156497283	0	0	20791	0	20791
chr3	177567399	0	0	7952	6853	14805
chr3	192811948	0	18177	0	0	18177
chr4	6459138	0	0	0	19392	19392
chr4	6459192	0	0	15384	0	15384
chr4	20521698	0	21140	0	0	21140
chr4	54733224	0	14717	0	0	14717
chr4	54733249	0	0	12830	0	12830
chr4	94932782	0	0	16186	0	16186
chr4	105236024	0	0	0	20587	20587
chr4	105236078	20449	0	0	0	20449
chr4	105237032	0	0	20808	0	20808
chr4	105276183	0	0	19331	0	19331
chr4	117369074	0	0	10362	0	10362
chr4	136881982	14986	0	0	0	14986
chr4	139722579	17991	0	0	0	17991
chr4	171825422	0	0	17584	0	17584
chr4	171825435	0	0	0	17553	17553
chr4	173533477	0	16811	0	0	16811
chr4	177840335	0	0	19389	0	19389
chr5	7476066	0	0	15471	0	15471
chr5	9516788	0	20261	0	0	20261
chr5	9516855	0	0	20861	0	20861
chr5	16081009	0	20290	0	1	20291
chr5	16081075	0	18508	0	0	18508
chr5	16799232	0	2	0	19004	19006
chr5	27027009	8	0	16404	0	16412
chr5	35909613	0	0	0	18938	18938
chr5	45580051	0	19488	0	0	19488
chr5	45580094	0	2	0	15499	15501
chr5	61368607	0	0	0	20298	20298
chr5	83179950	0	0	18755	0	18755
chr5	111118182	0	0	0	21025	21025
chr5	167685548	0	0	20357	0	20357
chr5	167685596	8186	0	9255	0	17441
chr6	39208712	20264	0	0	0	20264
chr6	42424840	0	8907	0	7721	16628
chr6	150236294	8665	0	9316	0	17981
chr6	150236320	3	0	16911	0	16914
chr6	151284044	0	0	19201	0	19201
chr6	156879789	1	0	17222	0	17223
chr7	3517258	0	14348	0	0	14348
chr7	3884930	0	20069	0	0	20069
chr7	18892675	2	0	17423	0	17425
chr7	21816505	0	21119	0	0	21119
chr7	42022250	0	21567	0	0	21567
chr7	44239158	0	15275	0	0	15275
chr7	89114067	3	0	11394	0	11397
chr7	102898068	13244	0	2	0	13246
chr7	114443108	0	0	19668	0	19668
chr7	134248238	0	18623	0	0	18623
chr7	137819930	0	0	18805	0	18805
chr7	148807726	11401	0	0	0	11401
chr7	148809271	0	0	8904	9402	18306
chr7	148809309	0	17067	0	0	17067
chr7	148810480	16003	0	0	0	16003
chr7	158031030	0	19728	0	1	19729
chr8	3088396	18981	2	0	0	18983
chr8	3088430	19486	0	0	0	19486
chr8	3172382	0	0	17093	0	17093
chr8	3172445	0	0	20205	0	20205
chr8	3172474	0	0	18210	0	18210
chr8	3721907	0	0	0	19561	19561
chr8	3721951	0	20355	0	0	20355
chr8	3721952	0	0	20087	0	20087
chr8	18185701	0	0	0	12501	12501
chr8	18185781	1	8441	0	0	8442
chr8	41850874	0	0	20124	0	20124
chr8	41850923	0	0	19713	0	19713
chr8	50190585	0	5	0	12327	12332
chr8	113312929	0	0	12921	0	12921
chr8	113401454	0	14523	0	2	14525
chr8	116852527	0	0	15447	0	15447
chr8	116852533	0	0	0	15962	15962
chr8	116852728	0	0	5401	0	5401
chr8	116854470	0	0	0	17491	17491
chr8	116856616	0	16968	0	0	16968
chr8	116861772	0	9218	0	0	9218
chr8	119785952	0	12204	0	0	12204
chr8	139698382	0	0	15768	0	15768
chr9	9252386	0	0	18531	0	18531
chr9	9555461	0	14946	0	0	14946
chr9	9555526	19561	0	0	0	19561
chr9	83971681	0	0	14250	0	14250
chr9	83971758	0	0	13414	0	13414
chr9	83977111	4448	0	4143	0	8591
chr9	83977823	1	0	19053	0	19054
chr9	106598130	0	11571	0	0	11571
chr9	128395067	0	18376	0	0	18376
chrX	12288714	0	0	9718	0	9718
chrX	12288772	2	0	10850	0	10852
chrX	29747856	0	8797	0	0	8797
chrX	29747945	0	0	10787	0	10787
chrX	40053881	0	10310	0	0	10310
chrX	40053900	0	0	0	10598	10598
chrX	40062411	9107	0	0	0	9107
chrX	40062413	0	9044	0	0	9044
chrX	40062682	0	0	9653	0	9653
chrX	40073147	0	9350	0	0	9350
chrX	40073654	0	3	0	10095	10098
chrX	40074338	0	9654	0	0	9654
chrX	40074386	0	9691	0	0	9691
chrX	40075199	0	0	0	8425	8425
chrX	40077879	0	0	9874	0	9874
chrX	53399756	0	7724	0	0	7724
chrX	53409301	0	0	3	8809	8812
chrX	104593414	0	0	10069	0	10069
chrX	109378421	0	1	0	9672	9673
chrX	124061735	0	2274	0	0	2274
chrX	124063096	0	0	6786	0	6786
chrX	133881117	2	0	8723	0	8725
chrX	133881267	0	9307	1	0	9308
chrX	155099293	0	0	9349	0	9349
