#CHR	POS	Count_A	Count_C	Count_G	Count_T	Good_depth
chr1	1815818	0	12623	0	0	12623
chr1	8653318	0	0	0	7605	7605
chr1	20167244	0	9776	0	0	9776
chr1	20167324	0	0	11731	0	11731
chr1	33876224	0	0	11569	0	11569
chr1	57542614	5687	5513	0	0	11200
chr1	75159324	9897	0	0	0	9897
chr1	80630582	0	9787	0	0	9787
chr1	80630603	0	0	9047	0	9047
chr1	103051998	0	9538	0	0	9538
chr1	175508637	0	11163	0	0	11163
chr1	184975264	0	11099	0	0	11099
chr1	184975334	0	10788	0	0	10788
chr1	190098243	11160	0	0	0	11160
chr1	190098282	0	0	0	11452	11452
chr1	190098591	0	0	10979	0	10979
chr1	190098939	0	0	10330	0	10330
chr1	190098984	0	0	10419	0	10419
chr1	190099008	0	10621	0	0	10621
chr1	190099032	0	10310	0	0	10310
chr1	190099044	0	10235	0	0	10235
chr1	190099080	0	0	9567	0	9567
chr1	190099212	0	7301	0	0	7301
chr1	190281556	0	0	9483	0	9483
chr1	190281684	0	10385	0	0	10385
chr1	229465267	3712	4265	0	0	7977
chr1	229465351	0	10540	0	0	10540
chr10	25270158	0	0	0	10207	10207
chr10	35131703	9077	0	0	0	9077
chr10	62664688	0	0	11885	0	11885
chr10	62664778	0	9651	0	0	9651
chr10	75988441	0	0	10040	0	10040
chr10	87933321	0	0	6272	0	6272
chr10	110581852	0	0	6407	0	6407
chr10	119277962	0	0	12026	0	12026
chr10	122272127	0	0	0	11504	11504
chr11	9060379	0	5131	0	4811	9942
chr11	12452833	0	11125	0	0	11125
chr11	16448702	0	0	9179	0	9179
chr11	17742337	5535	0	0	0	5535
chr11	32392787	0	0	8808	0	8808
chr11	32396144	8276	0	0	0	8276
chr11	32396399	0	5398	0	5831	11229
chr11	32396416	11394	0	0	0	11394
chr11	34495982	0	0	11757	0	11757
chr11	36153743	0	9442	0	0	9442
chr11	36153766	10587	0	0	0	10587
chr11	61104601	0	11849	0	0	11849
chr11	61104628	0	0	11713	0	11713
chr11	72657733	0	12091	0	0	12091
chr11	82358712	0	0	0	6482	6482
chr11	82358771	6643	0	0	0	6643
chr11	99206526	0	4605	0	3903	8508
chr11	99206616	4718	0	3057	0	7775
chr11	99568750	0	0	6848	0	6848
chr11	99568754	0	0	7112	0	7112
chr11	108229136	0	0	5388	0	5388
chr11	108245051	0	0	0	8152	8152
chr11	108245084	6631	0	0	0	6631
chr11	108247163	0	8830	0	0	8830
chr11	108248903	0	0	2750	0	2750
chr11	108272618	0	0	10958	0	10958
chr11	108293534	7460	0	0	0	7460
chr11	108294907	9456	0	0	0	9456
chr11	108294944	0	11345	0	0	11345
chr11	108299649	6770	0	0	0	6770
chr11	108315981	0	11378	0	0	11378
chr11	108316068	0	11864	0	0	11864
chr11	108325269	0	1735	0	0	1735
chr11	108347366	0	0	10150	0	10150
chr11	131690353	0	11872	0	0	11872
chr11	132079459	0	11491	0	0	11491
chr12	25159938	0	0	0	3689	3689
chr12	26645162	0	10658	0	0	10658
chr12	79117344	0	0	9902	0	9902
chr12	80593442	0	9574	0	0	9574
chr12	80593453	0	0	9617	0	9617
chr12	109763658	0	0	11616	0	11616
chr12	109763732	0	0	11547	0	11547
chr12	125618336	0	0	11018	0	11018
chr12	131030691	0	0	11444	0	11444
chr12	131030749	0	0	11855	0	11855
chr12	131030808	0	11254	0	0	11254
chr13	28018409	0	0	0	8985	8985
chr13	29381579	0	8525	0	0	8525
chr13	42036066	0	0	6282	0	6282
chr13	42036103	0	0	8361	0	8361
chr13	42036182	6982	0	0	0	6982
chr13	60439455	0	0	9290	0	9290
chr13	60439481	0	0	9694	0	9694
chr13	85427587	0	0	0	10286	10286
chr13	101837480	0	0	7141	0	7141
chr13	107545680	0	11259	0	0	11259
chr13	107545683	0	11531	0	0	11531
chr13	107545767	0	9860	0	0	9860
chr14	38902662	0	10170	0	0	10170
chr14	67543416	0	0	8300	0	8300
chr14	76153957	0	0	0	10515	10515
chr14	99815833	0	0	11140	0	11140
chr14	99815847	0	0	11245	0	11245
chr15	27163121	0	11399	0	0	11399
chr15	27791784	9909	0	0	0	9909
chr15	39607817	0	0	0	7283	7283
chr15	39607855	0	0	5672	0	5672
chr15	44013752	0	0	6138	0	6138
chr15	80115617	0	0	8257	0	8257
chr16	6034567	0	0	8461	0	8461
chr16	6379472	6702	0	0	0	6702
chr16	6379495	0	0	0	7885	7885
chr16	6379558	0	0	8642	0	8642
chr16	9910458	5084	0	0	0	5084
chr16	9910537	0	1395	0	0	1395
chr16	15724284	5681	5547	0	0	11228
chr16	52568387	0	9147	0	0	9147
chr16	57370452	0	0	9897	0	9897
chr16	67612169	0	11777	0	0	11777
chr16	67616739	0	11971	0	0	11971
chr16	67616833	0	11871	0	0	11871
chr16	67626474	2	0	1642	0	1644
chr16	67628501	0	12053	0	0	12053
chr16	73386115	0	0	0	10296	10296
chr17	5834703	0	10986	0	0	10986
chr17	7669642	0	0	11130	0	11130
chr17	7673334	0	8844	0	0	8844
chr17	12621539	3114	0	2364	0	5478
chr17	12621553	6402	0	0	0	6402
chr17	12621560	6897	0	0	0	6897
chr17	12621561	0	0	0	6933	6933
chr17	12621573	0	7427	0	0	7427
chr17	12621581	0	0	3863	3810	7673
chr17	12621616	0	0	0	9144	9144
chr17	12621644	8206	0	0	0	8206
chr17	12621670	0	3545	0	3342	6887
chr17	33287759	0	0	0	10928	10928
chr17	33287852	0	11607	0	0	11607
chr17	51067614	0	0	10300	0	10300
chr17	53823336	0	0	10796	0	10796
chr17	60656634	0	0	10494	0	10494
chr17	76737017	9498	0	0	0	9498
chr18	4193945	6247	0	0	0	6247
chr18	7579194	0	9431	0	0	9431
chr18	7579277	10660	0	0	0	10660
chr18	7579294	10259	0	0	0	10259
chr18	27125186	0	0	7629	0	7629
chr18	32968861	0	0	0	6765	6765
chr18	35001079	0	0	8382	0	8382
chr18	50593212	0	0	11386	0	11386
chr18	58968498	0	0	0	11615	11615
chr18	58968538	0	11571	0	0	11571
chr18	62527782	0	0	9569	0	9569
chr18	69764027	0	11451	0	0	11451
chr18	74666435	0	6009	0	5537	11546
chr19	29509552	0	12215	0	0	12215
chr19	30530958	0	0	11406	0	11406
chr19	30530988	0	11473	0	0	11473
chr19	32773283	0	11397	0	0	11397
chr19	33301659	0	5526	0	0	5526
chr19	33301722	0	0	4754	0	4754
chr19	33302244	0	7996	0	0	7996
chr19	44782295	0	9430	0	0	9430
chr2	1154666	9752	0	0	0	9752
chr2	1742901	0	0	10713	0	10713
chr2	1742960	0	0	0	10975	10975
chr2	10406422	0	0	11478	0	11478
chr2	10406468	0	11724	0	0	11724
chr2	10406503	0	0	11752	0	11752
chr2	15329045	0	3410	0	4053	7463
chr2	15329122	0	0	0	10475	10475
chr2	25235677	0	9962	0	0	9962
chr2	25236935	0	11304	0	0	11304
chr2	25237072	0	9735	0	0	9735
chr2	25240614	0	0	10741	0	10741
chr2	25244019	0	0	10849	0	10849
chr2	25245214	0	0	11266	0	11266
chr2	25246633	0	11475	0	0	11475
chr2	25246787	11360	0	0	0	11360
chr2	25247044	0	11354	0	0	11354
chr2	25247639	11530	0	0	0	11530
chr2	25247790	0	0	10918	0	10918
chr2	26629636	0	0	11069	0	11069
chr2	98389058	0	0	11899	0	11899
chr2	132582244	0	0	10680	0	10680
chr2	133060506	0	0	8708	0	8708
chr2	145061824	10657	0	0	0	10657
chr2	162614954	5446	0	0	0	5446
chr2	162614972	6318	0	0	0	6318
chr2	162615021	0	8106	0	0	8106
chr2	173947911	0	0	0	11133	11133
chr20	83148	0	0	11239	0	11239
chr20	83158	0	10922	0	0	10922
chr20	14300177	0	8890	0	0	8890
chr20	14300230	0	0	10665	0	10665
chr20	17433202	0	10953	0	0	10953
chr20	17433203	0	0	10811	0	10811
chr20	17438980	0	0	11274	0	11274
chr20	17438999	0	0	0	11655	11655
chr20	17439070	0	9529	0	0	9529
chr20	32436288	0	0	11528	0	11528
chr20	37048217	0	12090	0	0	12090
chr20	42445130	0	0	11228	0	11228
chr20	43031194	0	11681	0	0	11681
chr20	46026997	0	0	11926	0	11926
chr21	32724643	0	4386	0	0	4386
chr21	34859490	0	9850	0	0	9850
chr21	34859553	9830	0	0	0	9830
chr22	23146855	9320	0	0	0	9320
chr22	28688034	0	1	0	7161	7162
chr22	28688046	6611	0	2	0	6613
chr22	28688052	2	0	6209	0	6211
chr22	28689180	0	3365	2	0	3367
chr22	28725419	0	0	8685	0	8685
chr22	32446726	11181	0	0	0	11181
chr22	32446740	0	0	11169	0	11169
chr22	36632626	0	0	0	9919	9919
chr22	39588816	0	11587	0	0	11587
chr22	50177597	0	11261	0	0	11261
chr3	38284876	0	12170	0	0	12170
chr3	79767107	0	10721	0	0	10721
chr3	79767140	0	11167	0	0	11167
chr3	79767230	0	4384	4737	0	9121
chr3	107382367	0	10526	0	0	10526
chr3	124684464	0	11147	0	0	11147
chr3	140454513	0	5594	0	5132	10726
chr3	140454553	0	10023	0	0	10023
chr3	156415908	0	11372	0	0	11372
chr3	156415922	0	0	11953	0	11953
chr3	156415939	0	11807	0	0	11807
chr3	156415978	0	0	11758	0	11758
chr3	156497283	0	0	10957	0	10957
chr3	177567399	0	0	0	7598	7598
chr3	192811948	0	10557	0	0	10557
chr4	6459138	0	0	0	11904	11904
chr4	6459192	0	0	9498	0	9498
chr4	20521698	0	10847	0	0	10847
chr4	54733224	0	8584	0	0	8584
chr4	54733249	0	0	7278	0	7278
chr4	94932782	0	0	8728	0	8728
chr4	105236024	0	0	0	11173	11173
chr4	105236078	11562	0	0	0	11562
chr4	105237032	0	0	11384	0	11384
chr4	105276183	0	0	11243	0	11243
chr4	117369074	0	0	6796	0	6796
chr4	136881982	8103	0	0	0	8103
chr4	139722579	10051	0	0	0	10051
chr4	171825422	0	0	9329	0	9329
chr4	171825435	0	0	0	9846	9846
chr4	173533477	0	10660	0	0	10660
chr4	177840335	0	0	10539	0	10539
chr5	7476066	0	0	8830	0	8830
chr5	9516788	0	10905	0	0	10905
chr5	9516855	0	0	11524	0	11524
chr5	16081009	0	11168	0	0	11168
chr5	16081075	0	10243	0	0	10243
chr5	16799232	0	4003	0	5136	9139
chr5	27027009	0	0	8367	0	8367
chr5	35909613	0	0	0	10153	10153
chr5	45580051	0	10429	0	0	10429
chr5	45580094	0	0	0	8427	8427
chr5	61368607	0	0	0	10819	10819
chr5	83179950	0	0	10487	0	10487
chr5	111118182	0	0	0	11184	11184
chr5	167685548	0	0	10790	0	10790
chr5	167685596	4579	0	5219	0	9798
chr6	39208712	11679	0	0	0	11679
chr6	42424840	0	10039	0	0	10039
chr6	150236294	5093	0	5571	0	10664
chr6	150236320	0	0	9944	0	9944
chr6	151284044	0	0	11702	0	11702
chr6	156879789	0	0	10436	0	10436
chr7	3517258	0	7469	0	0	7469
chr7	3884930	0	11617	0	0	11617
chr7	18892675	4482	0	4966	0	9448
chr7	21816505	0	11065	0	0	11065
chr7	42022250	0	10530	0	0	10530
chr7	44239158	0	10992	0	0	10992
chr7	89114067	2743	0	3325	0	6068
chr7	102898068	0	0	6411	0	6411
chr7	114443108	0	0	10395	0	10395
chr7	134248238	0	10187	0	0	10187
chr7	137819930	0	0	10589	0	10589
chr7	148807726	3380	0	3220	0	6600
chr7	148809271	0	0	0	10396	10396
chr7	148809309	0	9997	0	0	9997
chr7	148810480	9461	0	0	0	9461
chr7	158031030	0	11381	0	0	11381
chr8	3088396	9849	0	0	0	9849
chr8	3088430	10423	0	0	0	10423
chr8	3172382	4361	0	4829	0	9190
chr8	3172445	0	0	11233	0	11233
chr8	3172474	0	0	10441	0	10441
chr8	3721907	0	0	0	10964	10964
chr8	3721951	0	11288	0	0	11288
chr8	3721952	0	0	11104	0	11104
chr8	18185701	0	0	0	7218	7218
chr8	18185781	0	4815	0	0	4815
chr8	41850874	0	0	11771	0	11771
chr8	41850923	0	0	11821	0	11821
chr8	50190585	0	0	0	6730	6730
chr8	113312929	0	0	7100	0	7100
chr8	113401454	0	7964	0	0	7964
chr8	116852527	0	0	8242	0	8242
chr8	116852533	0	0	0	8421	8421
chr8	116852728	3	0	2808	0	2811
chr8	116854470	0	0	0	9238	9238
chr8	116856616	0	9176	0	0	9176
chr8	116861772	0	5236	0	0	5236
chr8	119785952	0	7354	0	0	7354
chr8	139698382	0	0	10131	0	10131
chr9	9252386	0	0	10480	0	10480
chr9	9555461	0	7547	0	0	7547
chr9	9555526	10200	0	0	0	10200
chr9	83971681	0	0	8545	0	8545
chr9	83971758	0	0	8091	0	8091
chr9	83977111	4866	0	0	0	4866
chr9	83977823	0	0	10284	0	10284
chr9	106598130	0	6688	0	0	6688
chr9	128395067	0	11300	0	0	11300
chrX	12288714	0	0	9772	0	9772
chrX	12288772	0	0	10859	0	10859
chrX	29747856	0	8043	0	0	8043
chrX	29747945	0	0	9356	0	9356
chrX	40053881	0	11759	0	0	11759
chrX	40053900	0	0	0	12069	12069
chrX	40062411	10449	0	0	0	10449
chrX	40062413	0	10106	0	0	10106
chrX	40062682	0	0	11463	0	11463
chrX	40073147	0	11658	0	0	11658
chrX	40073654	0	5735	0	6029	11764
chrX	40074338	0	11534	0	0	11534
chrX	40074386	0	11901	0	0	11901
chrX	40075199	0	0	0	9639	9639
chrX	40077879	4	0	11579	0	11583
chrX	53399756	0	7860	0	0	7860
chrX	53409301	0	0	0	9640	9640
chrX	104593414	0	0	9968	0	9968
chrX	109378421	0	0	0	10298	10298
chrX	124061735	0	2035	0	0	2035
chrX	124063096	0	0	5602	0	5602
chrX	133881117	0	0	9177	0	9177
chrX	133881267	0	8802	0	0	8802
chrX	155099293	0	0	9474	0	9474
