#CHR	POS	Count_A	Count_C	Count_G	Count_T	Good_depth
chr1	1815818	0	23938	0	0	23938
chr1	8653318	60	0	0	12655	12715
chr1	20167244	0	17684	0	0	17684
chr1	20167324	9996	0	10741	0	20737
chr1	33876224	0	0	21422	0	21422
chr1	57542614	10658	9855	0	0	20513
chr1	75159324	19835	0	0	0	19835
chr1	80630582	0	18133	0	0	18133
chr1	80630603	0	0	16560	0	16560
chr1	103051998	0	17850	0	0	17850
chr1	175508637	0	21279	0	0	21279
chr1	184975264	0	20444	0	0	20444
chr1	184975334	0	20150	0	0	20150
chr1	190098243	22060	0	0	0	22060
chr1	190098282	0	0	0	22525	22525
chr1	190098591	0	0	20672	0	20672
chr1	190098939	0	0	18888	0	18888
chr1	190098984	0	0	19457	0	19457
chr1	190099008	0	19786	0	0	19786
chr1	190099032	0	19325	0	0	19325
chr1	190099044	0	19408	0	0	19408
chr1	190099080	0	0	18168	0	18168
chr1	190099212	0	12482	0	0	12482
chr1	190281556	0	0	17927	0	17927
chr1	190281684	0	20120	0	0	20120
chr1	229465267	0	15401	0	0	15401
chr1	229465351	0	19586	0	0	19586
chr10	25270158	0	86	0	19186	19272
chr10	35131703	16421	0	0	0	16421
chr10	62664688	0	0	21025	0	21025
chr10	62664778	0	17373	0	0	17373
chr10	75988441	0	0	18678	0	18678
chr10	87933321	0	0	12316	0	12316
chr10	110581852	0	0	12853	0	12853
chr10	119277962	0	0	22137	0	22137
chr10	122272127	0	9629	0	10706	20335
chr11	9060379	0	9503	0	9052	18555
chr11	12452833	0	20396	0	0	20396
chr11	16448702	0	0	17239	0	17239
chr11	17742337	9988	0	0	0	9988
chr11	32392787	0	0	15686	0	15686
chr11	32396144	14108	0	0	0	14108
chr11	32396399	0	0	0	21197	21197
chr11	32396416	20900	0	0	0	20900
chr11	34495982	0	0	21011	0	21011
chr11	36153743	0	8638	0	7521	16159
chr11	36153766	18426	0	0	0	18426
chr11	61104601	19838	0	0	0	19838
chr11	61104628	0	0	21045	0	21045
chr11	72657733	0	21192	0	0	21192
chr11	82358712	0	0	0	10840	10840
chr11	82358771	11177	0	0	40	11217
chr11	99206526	0	17878	0	0	17878
chr11	99206616	17566	0	0	0	17566
chr11	99568750	0	0	12916	0	12916
chr11	99568754	0	0	13467	0	13467
chr11	108229136	0	0	10098	0	10098
chr11	108245051	0	0	15794	0	15794
chr11	108245084	13295	0	0	0	13295
chr11	108247163	0	17905	0	0	17905
chr11	108248903	0	0	4773	0	4773
chr11	108272618	0	0	23195	0	23195
chr11	108293534	14719	0	0	0	14719
chr11	108294907	0	0	16506	0	16506
chr11	108294944	0	21228	0	0	21228
chr11	108299649	12251	0	0	0	12251
chr11	108315981	0	23395	0	0	23395
chr11	108316068	0	24122	0	0	24122
chr11	108325269	0	3450	0	2	3452
chr11	108347366	0	0	20948	0	20948
chr11	131690353	0	21699	0	46	21745
chr11	132079459	0	22281	0	97	22378
chr12	25159938	0	0	0	8295	8295
chr12	26645162	0	2	0	20597	20599
chr12	79117344	0	0	18966	0	18966
chr12	80593442	80	17877	0	0	17957
chr12	80593453	0	0	18254	0	18254
chr12	109763658	0	0	20716	0	20716
chr12	109763732	0	0	20278	0	20278
chr12	125618336	0	0	20644	0	20644
chr12	131030691	0	0	20858	0	20858
chr12	131030749	0	0	21495	0	21495
chr12	131030808	0	20509	0	0	20509
chr13	28018409	0	0	0	15646	15646
chr13	29381579	0	15455	0	0	15455
chr13	42036066	0	0	10771	0	10771
chr13	42036103	0	0	14435	0	14435
chr13	42036182	12198	0	0	0	12198
chr13	60439455	7106	0	9557	0	16663
chr13	60439481	0	0	9958	7641	17599
chr13	85427587	0	90	0	19839	19929
chr13	101837480	0	0	12996	0	12996
chr13	107545680	0	21378	0	0	21378
chr13	107545683	0	21918	0	0	21918
chr13	107545767	0	19119	0	0	19119
chr14	38902662	0	19752	0	0	19752
chr14	67543416	0	0	14995	0	14995
chr14	76153957	0	84	0	19555	19639
chr14	99815833	9860	0	10860	0	20720
chr14	99815847	10261	0	10887	0	21148
chr15	27163121	0	10237	0	9674	19911
chr15	27791784	17525	0	0	0	17525
chr15	39607817	0	0	0	12657	12657
chr15	39607855	0	0	9721	0	9721
chr15	44013752	0	0	12100	0	12100
chr15	80115617	0	0	15682	0	15682
chr16	6034567	0	0	15064	0	15064
chr16	6379472	11898	0	0	0	11898
chr16	6379495	0	0	0	14189	14189
chr16	6379558	31	0	16153	0	16184
chr16	9910458	8676	0	0	0	8676
chr16	9910537	0	2324	0	0	2324
chr16	15724284	10296	10140	0	0	20436
chr16	52568387	0	17055	0	0	17055
chr16	57370452	0	0	17247	0	17247
chr16	67612169	0	22502	0	0	22502
chr16	67616739	0	22203	0	0	22203
chr16	67616833	0	22357	0	1	22358
chr16	67626474	2	0	2681	0	2683
chr16	67628501	0	21454	0	0	21454
chr16	73386115	0	0	0	19002	19002
chr17	5834703	0	21793	0	0	21793
chr17	7669642	0	0	19764	0	19764
chr17	7673334	0	16467	0	0	16467
chr17	12621539	13286	0	0	0	13286
chr17	12621553	14108	0	0	0	14108
chr17	12621560	15099	0	0	0	15099
chr17	12621561	0	0	0	15277	15277
chr17	12621573	0	15475	0	0	15475
chr17	12621581	0	0	16432	0	16432
chr17	12621616	0	0	0	17898	17898
chr17	12621644	15816	0	0	0	15816
chr17	12621670	0	13229	0	0	13229
chr17	33287759	0	0	0	19400	19400
chr17	33287852	0	21147	0	0	21147
chr17	51067614	0	0	19156	0	19156
chr17	53823336	1	0	18868	0	18869
chr17	60656634	0	0	19606	0	19606
chr17	76737017	1	0	15589	0	15590
chr18	4193945	11633	0	0	0	11633
chr18	7579194	0	8846	0	8129	16975
chr18	7579277	20026	0	0	0	20026
chr18	7579294	19269	0	0	0	19269
chr18	27125186	0	0	12403	0	12403
chr18	32968861	0	0	0	11955	11955
chr18	35001079	0	0	14133	2	14135
chr18	50593212	39	0	22106	0	22145
chr18	58968498	0	0	0	21612	21612
chr18	58968538	0	20951	0	0	20951
chr18	62527782	0	0	17434	16	17450
chr18	69764027	0	22106	0	106	22212
chr18	74666435	0	11264	0	10301	21565
chr19	29509552	0	21760	0	0	21760
chr19	30530958	0	0	20749	0	20749
chr19	30530988	0	20907	0	0	20907
chr19	32773283	0	22363	0	0	22363
chr19	33301659	4762	3304	0	0	8066
chr19	33301722	0	3707	2585	0	6292
chr19	33302244	0	10983	0	0	10983
chr19	44782295	0	16274	0	0	16274
chr2	1154666	18233	0	0	0	18233
chr2	1742901	0	0	18532	0	18532
chr2	1742960	0	0	0	18485	18485
chr2	10406422	0	0	19939	0	19939
chr2	10406468	0	20626	0	0	20626
chr2	10406503	0	0	20771	0	20771
chr2	15329045	0	6151	0	7418	13569
chr2	15329122	0	0	0	19726	19726
chr2	25235677	0	17030	0	0	17030
chr2	25236935	0	19651	0	6	19657
chr2	25237072	0	17227	0	0	17227
chr2	25240614	0	0	19356	0	19356
chr2	25244019	0	0	18641	0	18641
chr2	25245214	0	0	19841	0	19841
chr2	25246633	0	19287	0	0	19287
chr2	25246787	18954	2	0	0	18956
chr2	25247044	0	19862	0	0	19862
chr2	25247639	19498	0	0	0	19498
chr2	25247790	0	0	18194	0	18194
chr2	26629636	0	0	19883	0	19883
chr2	98389058	98	0	21864	0	21962
chr2	132582244	0	0	18845	0	18845
chr2	133060506	0	0	16092	0	16092
chr2	145061824	20500	0	0	0	20500
chr2	162614954	9907	0	0	0	9907
chr2	162614972	11371	0	0	0	11371
chr2	162615021	0	14358	0	0	14358
chr2	173947911	0	99	0	21163	21262
chr20	83148	1	0	20537	0	20538
chr20	83158	0	10686	0	8973	19659
chr20	14300177	0	17518	0	0	17518
chr20	14300230	0	0	21297	0	21297
chr20	17433202	0	20754	0	0	20754
chr20	17433203	112	0	20392	0	20504
chr20	17438980	0	0	20791	0	20791
chr20	17438999	0	80	0	21369	21449
chr20	17439070	0	17259	0	2	17261
chr20	32436288	0	0	21245	0	21245
chr20	37048217	0	22561	0	0	22561
chr20	42445130	0	0	21391	0	21391
chr20	43031194	0	21824	0	2	21826
chr20	46026997	0	0	20909	0	20909
chr21	32724643	0	3402	0	4091	7493
chr21	34859490	0	16995	0	0	16995
chr21	34859553	17215	0	0	0	17215
chr22	23146855	0	0	17384	0	17384
chr22	28688034	0	0	0	11127	11127
chr22	28688046	10205	0	0	0	10205
chr22	28688052	0	0	9522	0	9522
chr22	28689180	0	3740	0	0	3740
chr22	28725419	0	0	17459	0	17459
chr22	32446726	21746	0	19	0	21765
chr22	32446740	0	0	21847	0	21847
chr22	36632626	0	0	0	17877	17877
chr22	39588816	0	20062	0	0	20062
chr22	50177597	0	19889	0	0	19889
chr3	38284876	0	22879	0	0	22879
chr3	79767107	0	19625	0	0	19625
chr3	79767140	0	10003	0	9670	19673
chr3	79767230	0	7896	8555	0	16451
chr3	107382367	0	21459	0	0	21459
chr3	124684464	0	20344	0	99	20443
chr3	140454513	0	20298	0	1	20299
chr3	140454553	0	18674	0	0	18674
chr3	156415908	0	20966	0	0	20966
chr3	156415922	0	0	21955	0	21955
chr3	156415939	0	21987	0	0	21987
chr3	156415978	2	0	22014	0	22016
chr3	156497283	3	0	22045	0	22048
chr3	177567399	0	0	15773	0	15773
chr3	192811948	0	19601	0	0	19601
chr4	6459138	0	0	0	21936	21936
chr4	6459192	0	0	17465	0	17465
chr4	20521698	0	21437	0	98	21535
chr4	54733224	0	15511	0	0	15511
chr4	54733249	0	0	13444	0	13444
chr4	94932782	0	0	16049	0	16049
chr4	105236024	0	0	0	21266	21266
chr4	105236078	21781	0	0	0	21781
chr4	105237032	10830	0	11026	0	21856
chr4	105276183	0	0	20904	0	20904
chr4	117369074	0	0	9850	0	9850
chr4	136881982	15778	0	0	0	15778
chr4	139722579	18978	0	100	0	19078
chr4	171825422	20020	0	0	0	20020
chr4	171825435	0	109	0	19697	19806
chr4	173533477	0	19176	0	0	19176
chr4	177840335	0	0	19710	0	19710
chr5	7476066	0	0	15921	0	15921
chr5	9516788	0	20267	0	0	20267
chr5	9516855	0	0	21728	0	21728
chr5	16081009	0	21104	0	0	21104
chr5	16081075	0	19366	0	0	19366
chr5	16799232	0	0	0	19284	19284
chr5	27027009	0	0	16071	0	16071
chr5	35909613	0	0	0	20368	20368
chr5	45580051	0	19908	0	1	19909
chr5	45580094	0	1	0	16221	16222
chr5	61368607	0	0	80	20771	20851
chr5	83179950	91	0	19113	0	19204
chr5	111118182	0	115	0	22409	22524
chr5	167685548	0	0	21095	0	21095
chr5	167685596	1	0	19583	0	19584
chr6	39208712	20541	0	0	0	20541
chr6	42424840	0	0	0	16020	16020
chr6	150236294	0	0	19718	0	19718
chr6	150236320	1	0	17582	0	17583
chr6	151284044	0	0	21339	0	21339
chr6	156879789	16635	0	0	0	16635
chr7	3517258	0	15826	0	0	15826
chr7	3884930	0	21554	0	0	21554
chr7	18892675	0	0	18380	0	18380
chr7	21816505	0	20968	0	97	21065
chr7	42022250	0	21903	2	0	21905
chr7	44239158	0	17838	0	0	17838
chr7	89114067	0	0	10541	0	10541
chr7	102898068	13075	0	0	0	13075
chr7	114443108	31	0	20571	0	20602
chr7	134248238	0	19950	6	0	19956
chr7	137819930	0	0	20025	0	20025
chr7	148807726	11492	0	0	0	11492
chr7	148809271	0	0	18172	1	18173
chr7	148809309	0	18082	0	0	18082
chr7	148810480	17467	0	0	0	17467
chr7	158031030	0	22086	0	0	22086
chr8	3088396	18577	0	0	0	18577
chr8	3088430	19402	0	0	0	19402
chr8	3172382	0	0	18065	0	18065
chr8	3172445	0	0	21227	0	21227
chr8	3172474	0	0	19422	0	19422
chr8	3721907	0	0	0	19789	19789
chr8	3721951	0	20852	0	0	20852
chr8	3721952	0	0	20520	0	20520
chr8	18185701	0	0	0	12118	12118
chr8	18185781	0	8679	0	0	8679
chr8	41850874	0	0	21297	0	21297
chr8	41850923	0	0	21738	0	21738
chr8	50190585	0	0	0	12358	12358
chr8	113312929	2	0	12578	0	12580
chr8	113401454	0	15017	0	0	15017
chr8	116852527	0	0	15641	0	15641
chr8	116852533	0	0	0	15922	15922
chr8	116852728	0	0	5240	0	5240
chr8	116854470	0	0	0	18010	18010
chr8	116856616	0	17781	0	0	17781
chr8	116861772	0	9921	0	1	9922
chr8	119785952	0	12961	0	0	12961
chr8	139698382	0	0	18039	0	18039
chr9	9252386	1	0	19025	0	19026
chr9	9555461	0	15547	0	0	15547
chr9	9555526	21093	0	0	0	21093
chr9	83971681	0	0	14703	0	14703
chr9	83971758	0	0	13851	0	13851
chr9	83977111	4332	0	3792	0	8124
chr9	83977823	0	0	19818	0	19818
chr9	106598130	0	11858	0	0	11858
chr9	128395067	0	19965	0	0	19965
chrX	12288714	0	0	10294	0	10294
chrX	12288772	0	0	11639	0	11639
chrX	29747856	0	8213	0	0	8213
chrX	29747945	0	0	9173	0	9173
chrX	40053881	0	10936	0	0	10936
chrX	40053900	0	0	0	11201	11201
chrX	40062411	10101	0	0	0	10101
chrX	40062413	0	9917	0	0	9917
chrX	40062682	0	0	10443	0	10443
chrX	40073147	0	10607	0	0	10607
chrX	40073654	0	10471	0	0	10471
chrX	40074338	0	10348	0	0	10348
chrX	40074386	0	10621	0	0	10621
chrX	40075199	0	0	0	8785	8785
chrX	40077879	0	0	10481	0	10481
chrX	53399756	0	8463	0	0	8463
chrX	53409301	0	0	0	9745	9745
chrX	104593414	89	0	10146	0	10235
chrX	109378421	0	0	0	10356	10356
chrX	124061735	0	4327	0	0	4327
chrX	124063096	0	0	7246	0	7246
chrX	133881117	0	0	9849	0	9849
chrX	133881267	0	9157	0	0	9157
chrX	155099293	0	0	11137	0	11137
