#CHR	POS	Count_A	Count_C	Count_G	Count_T	Good_depth
chr1	1815818	0	7378	0	0	7378
chr1	8653318	0	0	0	632	632
chr1	20167244	0	2069	0	0	2069
chr1	20167324	0	0	3837	0	3837
chr1	33876224	0	0	2098	0	2098
chr1	57542614	890	839	0	0	1729
chr1	75159324	690	0	0	0	690
chr1	80630582	0	1186	0	0	1186
chr1	80630603	0	0	1161	0	1161
chr1	103051998	0	967	0	0	967
chr1	175508637	0	5175	0	0	5175
chr1	184975264	0	2048	0	0	2048
chr1	184975334	0	2092	0	0	2092
chr1	190098243	1674	0	0	0	1674
chr1	190098282	0	0	0	1768	1768
chr1	190098591	0	0	1848	0	1848
chr1	190098939	0	0	6866	0	6866
chr1	190098984	0	0	6665	0	6665
chr1	190099008	0	6541	0	0	6541
chr1	190099032	0	5659	0	0	5659
chr1	190099044	0	5219	0	0	5219
chr1	190099080	0	0	3853	0	3853
chr1	190099212	0	247	0	0	247
chr1	190281556	0	0	1063	0	1063
chr1	190281684	0	960	0	0	960
chr1	229465267	166	264	0	0	430
chr1	229465351	0	913	0	0	913
chr10	25270158	0	0	0	815	815
chr10	35131703	454	0	0	0	454
chr10	62664688	0	0	3449	0	3449
chr10	62664778	0	1371	0	0	1371
chr10	75988441	0	0	2191	0	2191
chr10	87933321	0	0	27	0	27
chr10	110581852	0	0	105	0	105
chr10	119277962	0	0	2099	0	2099
chr10	122272127	0	0	0	2727	2727
chr11	9060379	0	1494	0	1383	2877
chr11	12452833	0	4407	0	0	4407
chr11	16448702	0	0	794	0	794
chr11	17742337	2353	2	0	0	2355
chr11	32392787	0	0	753	0	753
chr11	32396144	629	0	0	0	629
chr11	32396399	0	1166	0	2038	3204
chr11	32396416	3236	0	0	0	3236
chr11	34495982	0	0	6106	0	6106
chr11	36153743	0	674	0	0	674
chr11	36153766	958	0	0	0	958
chr11	61104601	0	6436	0	0	6436
chr11	61104628	0	0	5781	0	5781
chr11	72657733	0	6325	0	0	6325
chr11	82358712	0	0	0	136	136
chr11	82358771	155	0	0	0	155
chr11	99206526	0	476	0	309	785
chr11	99206616	550	0	229	0	779
chr11	99568750	0	0	231	0	231
chr11	99568754	0	0	249	0	249
chr11	108229136	0	0	50	0	50
chr11	108245051	0	0	0	181	181
chr11	108245084	101	0	0	0	101
chr11	108247163	0	618	0	0	618
chr11	108248903	0	0	39	0	39
chr11	108272618	0	0	547	0	547
chr11	108293534	72	0	0	0	72
chr11	108294907	634	0	0	0	634
chr11	108294944	0	1131	0	0	1131
chr11	108299649	67	0	0	0	67
chr11	108315981	0	2658	0	0	2658
chr11	108316068	0	3426	0	0	3426
chr11	108325269	0	180	0	0	180
chr11	108347366	0	0	797	0	797
chr11	131690353	0	6116	0	0	6116
chr11	132079459	0	1471	0	0	1471
chr12	25159938	0	0	0	0	0
chr12	26645162	0	2029	0	0	2029
chr12	79117344	0	0	2303	0	2303
chr12	80593442	0	897	0	0	897
chr12	80593453	0	0	917	0	917
chr12	109763658	0	0	2037	0	2037
chr12	109763732	0	0	2358	0	2358
chr12	125618336	0	0	4454	0	4454
chr12	131030691	0	0	6492	0	6492
chr12	131030749	0	0	7462	0	7462
chr12	131030808	0	5673	0	0	5673
chr13	28018409	0	0	0	738	738
chr13	29381579	0	1086	0	0	1086
chr13	42036066	0	0	196	0	196
chr13	42036103	0	0	538	0	538
chr13	42036182	530	0	0	0	530
chr13	60439455	0	0	513	0	513
chr13	60439481	0	0	567	0	567
chr13	85427587	0	0	0	1256	1256
chr13	101837480	0	0	76	0	76
chr13	107545680	0	5076	0	0	5076
chr13	107545683	0	5178	0	0	5178
chr13	107545767	0	4001	0	0	4001
chr14	38902662	0	2386	0	0	2386
chr14	67543416	0	0	1340	0	1340
chr14	76153957	0	0	0	848	848
chr14	99815833	0	0	2345	0	2345
chr14	99815847	0	0	2328	0	2328
chr15	27163121	0	5544	0	0	5544
chr15	27791784	1367	0	0	0	1367
chr15	39607817	0	0	0	278	278
chr15	39607855	0	0	169	0	169
chr15	44013752	0	0	694	0	694
chr15	80115617	0	0	871	0	871
chr16	6034567	0	0	1312	0	1312
chr16	6379472	983	0	0	0	983
chr16	6379495	0	0	0	1340	1340
chr16	6379558	0	0	1818	0	1818
chr16	9910458	348	0	0	0	348
chr16	9910537	0	64	0	0	64
chr16	15724284	2471	2594	0	0	5065
chr16	52568387	0	899	0	0	899
chr16	57370452	0	0	2380	0	2380
chr16	67612169	0	2598	0	0	2598
chr16	67616739	0	5004	0	0	5004
chr16	67616833	0	5372	0	0	5372
chr16	67626474	0	0	134	0	134
chr16	67628501	0	5648	0	0	5648
chr16	73386115	0	0	0	1378	1378
chr17	5834703	0	2563	0	0	2563
chr17	7669642	0	0	2695	0	2695
chr17	7673334	0	124	0	0	124
chr17	12621539	1208	0	791	0	1999
chr17	12621553	2308	0	0	0	2308
chr17	12621560	2433	0	0	0	2433
chr17	12621561	0	0	0	2434	2434
chr17	12621573	0	2566	0	0	2566
chr17	12621581	0	0	1181	1395	2576
chr17	12621616	0	0	0	2475	2475
chr17	12621644	2029	0	0	0	2029
chr17	12621670	0	750	0	764	1514
chr17	33287759	0	0	0	3333	3333
chr17	33287852	0	3557	0	0	3557
chr17	51067614	0	0	673	0	673
chr17	53823336	0	0	6343	0	6343
chr17	60656634	0	0	2225	0	2225
chr17	76737017	6292	0	1	0	6293
chr18	4193945	4	0	0	0	4
chr18	7579194	0	803	0	0	803
chr18	7579277	1517	0	0	0	1517
chr18	7579294	1411	0	0	0	1411
chr18	27125186	0	0	215	0	215
chr18	32968861	0	0	0	129	129
chr18	35001079	0	0	1041	0	1041
chr18	50593212	0	0	1639	0	1639
chr18	58968498	0	0	0	4296	4296
chr18	58968538	0	4252	0	0	4252
chr18	62527782	0	0	472	0	472
chr18	69764027	0	2471	0	0	2471
chr18	74666435	0	2480	0	1487	3967
chr19	29509552	0	5089	0	0	5089
chr19	30530958	0	0	6833	0	6833
chr19	30530988	0	6813	0	0	6813
chr19	32773283	0	2476	0	0	2476
chr19	33301659	0	3284	0	0	3284
chr19	33301722	0	0	2666	0	2666
chr19	33302244	0	3932	0	0	3932
chr19	44782295	0	4292	0	0	4292
chr2	1154666	1059	0	0	0	1059
chr2	1742901	0	0	1936	0	1936
chr2	1742960	0	0	0	1987	1987
chr2	10406422	0	0	5471	0	5471
chr2	10406468	0	6149	0	0	6149
chr2	10406503	0	0	5519	0	5519
chr2	15329045	0	183	0	250	433
chr2	15329122	0	0	0	917	917
chr2	25235677	0	5322	0	0	5322
chr2	25236935	0	6751	0	0	6751
chr2	25237072	0	5665	0	0	5665
chr2	25240614	0	0	5698	0	5698
chr2	25244019	0	0	7168	0	7168
chr2	25245214	0	0	6056	0	6056
chr2	25246633	0	6234	0	0	6234
chr2	25246787	7344	0	0	0	7344
chr2	25247044	0	5925	0	0	5925
chr2	25247639	8024	0	0	0	8024
chr2	25247790	0	0	7418	0	7418
chr2	26629636	0	0	5019	0	5019
chr2	98389058	0	0	4157	0	4157
chr2	132582244	0	0	4374	0	4374
chr2	133060506	0	0	820	0	820
chr2	145061824	1130	0	0	0	1130
chr2	162614954	106	0	0	0	106
chr2	162614972	295	0	0	0	295
chr2	162615021	0	851	0	0	851
chr2	173947911	0	0	0	2118	2118
chr20	83148	0	0	2201	0	2201
chr20	83158	0	2092	0	0	2092
chr20	14300177	0	730	0	0	730
chr20	14300230	0	0	1052	0	1052
chr20	17433202	0	1364	0	0	1364
chr20	17433203	0	0	1351	0	1351
chr20	17438980	0	0	4887	0	4887
chr20	17438999	0	0	0	4921	4921
chr20	17439070	0	2577	0	0	2577
chr20	32436288	0	0	3586	0	3586
chr20	37048217	0	3103	0	0	3103
chr20	42445130	0	0	2528	0	2528
chr20	43031194	0	4347	0	0	4347
chr20	46026997	0	0	2092	0	2092
chr21	32724643	0	246	0	0	246
chr21	34859490	0	4771	0	0	4771
chr21	34859553	4317	0	0	0	4317
chr22	23146855	2257	0	0	0	2257
chr22	28688034	0	0	0	1978	1978
chr22	28688046	1620	0	0	0	1620
chr22	28688052	0	0	1452	0	1452
chr22	28689180	0	1182	0	0	1182
chr22	28725419	0	0	991	0	991
chr22	32446726	2728	0	0	0	2728
chr22	32446740	0	0	2906	0	2906
chr22	36632626	0	0	0	3051	3051
chr22	39588816	0	4606	0	0	4606
chr22	50177597	0	8626	0	0	8626
chr3	38284876	0	2437	0	0	2437
chr3	79767107	0	3263	0	0	3263
chr3	79767140	0	3954	0	0	3954
chr3	79767230	0	1373	2002	0	3375
chr3	107382367	0	1181	0	0	1181
chr3	124684464	0	1547	0	0	1547
chr3	140454513	0	894	0	737	1631
chr3	140454553	0	1636	0	0	1636
chr3	156415908	0	3501	0	0	3501
chr3	156415922	0	0	3748	0	3748
chr3	156415939	0	3822	0	0	3822
chr3	156415978	0	0	3390	0	3390
chr3	156497283	0	0	1893	0	1893
chr3	177567399	0	0	0	585	585
chr3	192811948	0	452	0	0	452
chr4	6459138	0	0	0	2428	2428
chr4	6459192	0	0	1784	0	1784
chr4	20521698	0	2242	0	0	2242
chr4	54733224	0	408	0	0	408
chr4	54733249	0	0	247	0	247
chr4	94932782	0	0	1192	0	1192
chr4	105236024	0	0	0	881	881
chr4	105236078	819	0	0	0	819
chr4	105237032	0	0	1347	0	1347
chr4	105276183	0	0	2788	0	2788
chr4	117369074	0	0	107	0	107
chr4	136881982	805	0	0	0	805
chr4	139722579	204	0	0	0	204
chr4	171825422	0	0	1337	0	1337
chr4	171825435	0	0	0	1347	1347
chr4	173533477	0	3429	0	0	3429
chr4	177840335	0	0	858	0	858
chr5	7476066	0	0	744	0	744
chr5	9516788	0	4098	0	0	4098
chr5	9516855	0	0	4149	0	4149
chr5	16081009	0	1592	0	0	1592
chr5	16081075	0	1398	0	0	1398
chr5	16799232	0	746	0	957	1703
chr5	27027009	0	0	503	0	503
chr5	35909613	0	0	0	965	965
chr5	45580051	0	1206	0	0	1206
chr5	45580094	0	0	0	657	657
chr5	61368607	0	0	0	777	777
chr5	83179950	0	0	559	0	559
chr5	111118182	0	0	0	2367	2367
chr5	167685548	0	0	1357	0	1357
chr5	167685596	499	0	512	0	1011
chr6	39208712	5538	0	0	0	5538
chr6	42424840	0	1411	0	0	1411
chr6	150236294	1109	0	1241	0	2350
chr6	150236320	0	0	1990	0	1990
chr6	151284044	0	0	2939	0	2939
chr6	156879789	0	0	1056	0	1056
chr7	3517258	0	486	0	0	486
chr7	3884930	0	5831	0	0	5831
chr7	18892675	321	0	399	0	720
chr7	21816505	0	2885	0	0	2885
chr7	42022250	0	2093	0	0	2093
chr7	44239158	0	6279	0	0	6279
chr7	89114067	17	0	40	0	57
chr7	102898068	0	0	613	0	613
chr7	114443108	0	0	1590	0	1590
chr7	134248238	0	4688	0	0	4688
chr7	137819930	0	0	2604	0	2604
chr7	148807726	541	0	491	0	1032
chr7	148809271	0	0	0	771	771
chr7	148809309	0	526	0	0	526
chr7	148810480	693	0	0	0	693
chr7	158031030	0	1748	0	0	1748
chr8	3088396	765	0	0	0	765
chr8	3088430	1113	0	0	0	1113
chr8	3172382	409	0	479	0	888
chr8	3172445	0	0	1735	0	1735
chr8	3172474	0	0	1618	0	1618
chr8	3721907	0	0	0	4968	4968
chr8	3721951	0	6348	0	0	6348
chr8	3721952	0	0	6320	0	6320
chr8	18185701	0	0	0	54	54
chr8	18185781	0	13	0	0	13
chr8	41850874	0	0	4037	0	4037
chr8	41850923	0	0	4710	0	4710
chr8	50190585	0	0	0	150	150
chr8	113312929	0	0	60	0	60
chr8	113401454	0	443	0	0	443
chr8	116852527	0	0	480	0	480
chr8	116852533	0	0	0	528	528
chr8	116852728	0	0	1	0	1
chr8	116854470	0	0	0	446	446
chr8	116856616	0	670	0	0	670
chr8	116861772	0	39	0	0	39
chr8	119785952	0	199	0	0	199
chr8	139698382	0	0	4378	0	4378
chr9	9252386	0	0	1086	0	1086
chr9	9555461	0	849	0	0	849
chr9	9555526	1406	0	0	0	1406
chr9	83971681	0	0	790	0	790
chr9	83971758	0	0	643	0	643
chr9	83977111	45	0	0	0	45
chr9	83977823	0	0	531	0	531
chr9	106598130	0	227	0	0	227
chr9	128395067	0	4102	0	0	4102
chrX	12288714	0	0	573	0	573
chrX	12288772	0	0	870	0	870
chrX	29747856	0	773	0	0	773
chrX	29747945	0	0	962	0	962
chrX	40053881	0	3729	0	0	3729
chrX	40053900	0	0	0	3945	3945
chrX	40062411	6562	0	0	0	6562
chrX	40062413	0	6522	0	0	6522
chrX	40062682	0	0	6297	0	6297
chrX	40073147	0	5716	0	0	5716
chrX	40073654	0	4696	0	4888	9584
chrX	40074338	0	8887	0	0	8887
chrX	40074386	0	8943	0	0	8943
chrX	40075199	0	0	0	5271	5271
chrX	40077879	0	0	6203	0	6203
chrX	53399756	0	436	0	0	436
chrX	53409301	0	0	0	2849	2849
chrX	104593414	0	0	539	0	539
chrX	109378421	0	0	0	1299	1299
chrX	124061735	0	25	0	0	25
chrX	124063096	0	0	86	0	86
chrX	133881117	0	0	1793	0	1793
chrX	133881267	0	1912	0	0	1912
chrX	155099293	0	0	2315	0	2315
