#CHR	POS	Count_A	Count_C	Count_G	Count_T	Good_depth
chr1	1815818	0	20764	0	0	20764
chr1	8653318	0	0	0	15242	15242
chr1	20167244	0	15478	0	0	15478
chr1	20167324	0	0	18116	0	18116
chr1	33876224	0	0	20059	0	20059
chr1	57542614	21695	0	0	0	21695
chr1	75159324	20529	0	0	0	20529
chr1	80630582	2	21846	0	0	21848
chr1	80630603	0	0	20385	0	20385
chr1	103051998	0	20099	0	0	20099
chr1	175508637	0	19694	0	0	19694
chr1	184975264	0	20802	0	0	20802
chr1	184975334	0	20864	0	0	20864
chr1	190098243	19841	0	0	0	19841
chr1	190098282	0	0	0	20468	20468
chr1	190098591	3	0	17905	0	17908
chr1	190098939	0	0	17029	0	17029
chr1	190098984	0	0	18096	0	18096
chr1	190099008	0	18317	0	0	18317
chr1	190099032	0	17972	0	0	17972
chr1	190099044	0	18416	0	0	18416
chr1	190099080	0	0	17634	0	17634
chr1	190099212	0	16957	0	0	16957
chr1	190281556	0	0	19643	0	19643
chr1	190281684	0	20932	0	0	20932
chr1	229465267	0	18132	0	0	18132
chr1	229465351	0	22630	0	0	22630
chr10	25270158	0	0	0	20439	20439
chr10	35131703	19240	0	0	0	19240
chr10	62664688	0	0	20209	0	20209
chr10	62664778	0	17472	0	0	17472
chr10	75988441	0	0	17319	0	17319
chr10	87933321	0	0	15526	0	15526
chr10	110581852	0	1	14289	0	14290
chr10	119277962	0	0	22279	0	22279
chr10	122272127	0	0	0	20453	20453
chr11	9060379	0	17770	0	0	17770
chr11	12452833	0	16810	0	0	16810
chr11	16448702	2	0	19756	0	19758
chr11	17742337	8709	0	0	0	8709
chr11	32392787	0	0	8454	7583	16037
chr11	32396144	14496	0	0	0	14496
chr11	32396399	0	0	0	19347	19347
chr11	32396416	19251	0	0	0	19251
chr11	34495982	0	0	16433	0	16433
chr11	36153743	0	16839	0	0	16839
chr11	36153766	18485	0	0	0	18485
chr11	61104601	8183	8602	0	0	16785
chr11	61104628	0	0	17156	0	17156
chr11	72657733	0	18043	0	0	18043
chr11	82358712	0	0	0	14452	14452
chr11	82358771	15221	0	0	0	15221
chr11	99206526	0	18969	0	0	18969
chr11	99206616	17965	0	0	0	17965
chr11	99568750	0	0	15090	0	15090
chr11	99568754	0	0	15725	0	15725
chr11	108229136	0	0	12068	0	12068
chr11	108245051	0	0	0	18230	18230
chr11	108245084	14939	0	0	0	14939
chr11	108247163	0	19896	0	0	19896
chr11	108248903	2	0	5216	0	5218
chr11	108272618	0	0	25017	0	25017
chr11	108293534	14517	0	0	0	14517
chr11	108294907	19335	0	0	0	19335
chr11	108294944	0	22788	1	0	22789
chr11	108299649	13945	0	0	0	13945
chr11	108315981	0	22726	0	0	22726
chr11	108316068	0	22704	0	1	22705
chr11	108325269	0	3621	0	0	3621
chr11	108347366	0	0	21195	0	21195
chr11	131690353	0	17918	0	0	17918
chr11	132079459	0	22124	0	0	22124
chr12	25159938	0	0	2	10559	10561
chr12	26645162	0	0	0	19378	19378
chr12	79117344	0	0	19228	0	19228
chr12	80593442	0	22331	0	0	22331
chr12	80593453	0	0	22409	0	22409
chr12	109763658	0	0	18459	0	18459
chr12	109763732	0	0	17375	0	17375
chr12	125618336	0	0	19129	0	19129
chr12	131030691	0	0	17416	0	17416
chr12	131030749	0	0	17695	0	17695
chr12	131030808	0	17610	0	0	17610
chr13	28018409	0	0	0	18597	18597
chr13	29381579	0	16663	0	0	16663
chr13	42036066	0	0	13341	0	13341
chr13	42036103	0	0	17774	0	17774
chr13	42036182	15346	0	0	0	15346
chr13	60439455	0	0	21169	0	21169
chr13	60439481	0	0	22199	0	22199
chr13	85427587	0	0	0	21243	21243
chr13	101837480	0	0	15177	0	15177
chr13	107545680	0	19723	0	2	19725
chr13	107545683	0	20176	0	0	20176
chr13	107545767	0	18688	0	0	18688
chr14	38902662	0	19651	0	0	19651
chr14	67543416	0	0	15969	0	15969
chr14	76153957	0	0	0	21002	21002
chr14	99815833	0	0	20509	0	20509
chr14	99815847	0	0	20476	0	20476
chr15	27163121	0	8641	0	8113	16754
chr15	27791784	19649	0	0	0	19649
chr15	39607817	0	0	0	16303	16303
chr15	39607855	1	0	12680	0	12681
chr15	44013752	0	0	13029	0	13029
chr15	80115617	0	0	17851	0	17851
chr16	6034567	0	0	16130	0	16130
chr16	6379472	11610	0	0	0	11610
chr16	6379495	0	0	0	13548	13548
chr16	6379558	0	0	15270	0	15270
chr16	9910458	9623	0	0	0	9623
chr16	9910537	0	2240	0	2	2242
chr16	15724284	17860	1	0	0	17861
chr16	52568387	0	18153	0	0	18153
chr16	57370452	0	0	17191	0	17191
chr16	67612169	0	22011	0	0	22011
chr16	67616739	0	21428	0	0	21428
chr16	67616833	0	21137	0	0	21137
chr16	67626474	2	0	3060	0	3062
chr16	67628501	0	19637	0	0	19637
chr16	73386115	0	0	0	20608	20608
chr17	5834703	0	21761	0	0	21761
chr17	7669642	0	0	18564	0	18564
chr17	7673334	0	15829	0	0	15829
chr17	12621539	7928	0	6222	0	14150
chr17	12621553	15656	0	0	2	15658
chr17	12621560	16781	0	1	0	16782
chr17	12621561	0	0	0	16996	16996
chr17	12621573	0	17474	0	1	17475
chr17	12621581	0	0	18233	0	18233
chr17	12621616	0	0	0	20317	20317
chr17	12621644	17777	0	0	0	17777
chr17	12621670	0	15209	0	0	15209
chr17	33287759	16326	0	0	0	16326
chr17	33287852	0	18039	0	0	18039
chr17	51067614	0	0	20497	1	20498
chr17	53823336	0	0	15925	0	15925
chr17	60656634	0	0	20810	0	20810
chr17	76737017	0	0	10984	0	10984
chr18	4193945	13785	0	0	0	13785
chr18	7579194	0	19037	0	0	19037
chr18	7579277	21052	0	0	0	21052
chr18	7579294	20433	0	0	0	20433
chr18	27125186	0	0	16151	0	16151
chr18	32968861	0	0	0	15236	15236
chr18	35001079	0	0	17248	0	17248
chr18	50593212	0	0	22020	0	22020
chr18	58968498	0	0	0	18018	18018
chr18	58968538	0	18151	0	0	18151
chr18	62527782	0	0	19783	0	19783
chr18	69764027	0	22458	0	0	22458
chr18	74666435	0	21045	0	1	21046
chr19	29509552	0	17891	0	0	17891
chr19	30530958	0	0	17688	0	17688
chr19	30530988	0	18007	0	0	18007
chr19	32773283	0	21593	0	0	21593
chr19	33301659	0	5709	0	0	5709
chr19	33301722	0	0	5038	0	5038
chr19	33302244	0	6856	0	0	6856
chr19	44782295	0	13138	0	0	13138
chr2	1154666	19774	0	0	0	19774
chr2	1742901	0	0	14816	0	14816
chr2	1742960	0	0	0	14685	14685
chr2	10406422	0	0	16004	0	16004
chr2	10406468	0	16505	0	0	16505
chr2	10406503	0	0	16677	0	16677
chr2	15329045	0	0	0	14966	14966
chr2	15329122	0	0	0	20508	20508
chr2	25235677	0	8681	0	8323	17004
chr2	25236935	0	15719	0	0	15719
chr2	25237072	0	16150	0	0	16150
chr2	25240614	0	0	16871	0	16871
chr2	25244019	0	0	7272	6919	14191
chr2	25245214	0	0	15307	0	15307
chr2	25246633	0	14112	0	0	14112
chr2	25246787	13372	0	0	0	13372
chr2	25247044	0	7503	0	7191	14694
chr2	25247639	14779	0	0	0	14779
chr2	25247790	0	0	13434	0	13434
chr2	26629636	0	0	16538	0	16538
chr2	98389058	0	0	19824	0	19824
chr2	132582244	0	0	19684	0	19684
chr2	133060506	0	0	18013	0	18013
chr2	145061824	23282	0	0	0	23282
chr2	162614954	11868	0	0	0	11868
chr2	162614972	13928	0	0	0	13928
chr2	162615021	0	18581	0	2	18583
chr2	173947911	0	0	0	21936	21936
chr20	83148	0	0	19760	0	19760
chr20	83158	0	10073	0	8998	19071
chr20	14300177	0	18903	0	0	18903
chr20	14300230	0	0	22406	0	22406
chr20	17433202	0	22227	0	0	22227
chr20	17433203	0	0	21990	0	21990
chr20	17438980	0	0	18141	0	18141
chr20	17438999	0	0	0	18950	18950
chr20	17439070	0	14915	0	0	14915
chr20	32436288	0	0	19345	0	19345
chr20	37048217	0	22664	0	0	22664
chr20	42445130	0	0	20878	0	20878
chr20	43031194	0	19086	0	0	19086
chr20	46026997	0	0	21609	0	21609
chr21	32724643	0	5447	0	6353	11800
chr21	34859490	0	17427	0	0	17427
chr21	34859553	18374	0	0	0	18374
chr22	23146855	15949	0	0	0	15949
chr22	28688034	0	0	0	14041	14041
chr22	28688046	13083	0	6	0	13089
chr22	28688052	6	0	12606	0	12612
chr22	28689180	0	8444	6	0	8450
chr22	28725419	0	0	16846	0	16846
chr22	32446726	23153	0	0	0	23153
chr22	32446740	0	0	23313	0	23313
chr22	36632626	0	0	0	19169	19169
chr22	39588816	0	17776	0	0	17776
chr22	50177597	0	16464	0	0	16464
chr3	38284876	0	21259	0	2	21261
chr3	79767107	0	16153	0	0	16153
chr3	79767140	0	16747	0	0	16747
chr3	79767230	0	0	13199	0	13199
chr3	107382367	0	24065	0	0	24065
chr3	124684464	0	18842	0	0	18842
chr3	140454513	0	21186	0	0	21186
chr3	140454553	0	20162	0	0	20162
chr3	156415908	0	19125	0	0	19125
chr3	156415922	0	0	20123	0	20123
chr3	156415939	0	20048	0	0	20048
chr3	156415978	0	0	20437	0	20437
chr3	156497283	0	0	22577	0	22577
chr3	177567399	0	0	16824	1	16825
chr3	192811948	0	20589	1	0	20590
chr4	6459138	0	0	0	19811	19811
chr4	6459192	0	0	15920	0	15920
chr4	20521698	0	21372	0	0	21372
chr4	54733224	0	19110	0	0	19110
chr4	54733249	0	0	17050	0	17050
chr4	94932782	0	0	19620	0	19620
chr4	105236024	0	0	0	20043	20043
chr4	105236078	20875	0	0	0	20875
chr4	105237032	0	0	21459	0	21459
chr4	105276183	0	0	18889	0	18889
chr4	117369074	0	0	14597	1	14598
chr4	136881982	17323	0	0	0	17323
chr4	139722579	22110	0	0	0	22110
chr4	171825422	21949	0	0	0	21949
chr4	171825435	0	0	0	21518	21518
chr4	173533477	0	18223	0	0	18223
chr4	177840335	0	0	20793	0	20793
chr5	7476066	0	0	16921	0	16921
chr5	9516788	0	20166	0	0	20166
chr5	9516855	0	0	21330	0	21330
chr5	16081009	0	19108	0	0	19108
chr5	16081075	0	18452	0	0	18452
chr5	16799232	0	0	0	19974	19974
chr5	27027009	0	0	19442	0	19442
chr5	35909613	0	0	0	23969	23969
chr5	45580051	0	21306	0	0	21306
chr5	45580094	0	0	0	17511	17511
chr5	61368607	0	0	0	21415	21415
chr5	83179950	0	0	20575	0	20575
chr5	111118182	0	0	0	24906	24906
chr5	167685548	0	0	21249	0	21249
chr5	167685596	0	0	20483	0	20483
chr6	39208712	18027	0	0	0	18027
chr6	42424840	0	9645	0	8437	18082
chr6	150236294	0	0	20041	0	20041
chr6	150236320	0	0	18213	0	18213
chr6	151284044	0	0	19539	0	19539
chr6	156879789	8857	0	9646	0	18503
chr7	3517258	0	17522	0	0	17522
chr7	3884930	0	18069	0	0	18069
chr7	18892675	0	0	20087	0	20087
chr7	21816505	0	20720	0	0	20720
chr7	42022250	0	22716	0	0	22716
chr7	44239158	0	13183	0	0	13183
chr7	89114067	0	0	14102	0	14102
chr7	102898068	16888	0	0	0	16888
chr7	114443108	0	0	22990	0	22990
chr7	134248238	0	19209	0	0	19209
chr7	137819930	0	0	20004	0	20004
chr7	148807726	12304	0	0	0	12304
chr7	148809271	0	0	10061	10729	20790
chr7	148809309	0	20136	0	0	20136
chr7	148810480	16543	0	0	0	16543
chr7	158031030	0	20237	1	2	20240
chr8	3088396	19536	0	0	0	19536
chr8	3088430	20304	0	0	0	20304
chr8	3172382	0	0	16545	0	16545
chr8	3172445	0	0	19097	0	19097
chr8	3172474	0	0	17485	0	17485
chr8	3721907	0	0	0	19741	19741
chr8	3721951	0	19303	0	0	19303
chr8	3721952	0	0	18898	0	18898
chr8	18185701	0	0	0	14484	14484
chr8	18185781	0	10473	0	0	10473
chr8	41850874	0	0	19336	0	19336
chr8	41850923	0	0	19636	0	19636
chr8	50190585	0	0	0	14769	14769
chr8	113312929	0	0	15695	0	15695
chr8	113401454	0	18434	0	0	18434
chr8	116852527	0	0	17842	0	17842
chr8	116852533	0	0	0	18387	18387
chr8	116852728	0	0	8111	0	8111
chr8	116854470	0	0	0	19598	19598
chr8	116856616	0	20459	0	0	20459
chr8	116861772	0	12175	0	0	12175
chr8	119785952	0	16517	0	0	16517
chr8	139698382	0	0	14415	0	14415
chr9	9252386	0	0	20755	0	20755
chr9	9555461	0	17460	0	0	17460
chr9	9555526	23452	0	0	0	23452
chr9	83971681	0	0	18388	0	18388
chr9	83971758	0	0	17219	0	17219
chr9	83977111	11117	0	0	0	11117
chr9	83977823	1	0	21014	0	21015
chr9	106598130	0	13570	0	0	13570
chr9	128395067	0	18152	0	0	18152
chrX	12288714	0	1	19730	0	19731
chrX	12288772	0	0	22521	0	22521
chrX	29747856	0	18405	0	0	18405
chrX	29747945	0	0	21190	0	21190
chrX	40053881	0	19807	0	0	19807
chrX	40053900	0	0	0	20360	20360
chrX	40062411	16301	0	0	1	16302
chrX	40062413	0	16031	0	0	16031
chrX	40062682	0	0	17501	0	17501
chrX	40073147	0	16065	0	0	16065
chrX	40073654	0	8625	0	9337	17962
chrX	40074338	0	16328	0	0	16328
chrX	40074386	0	16374	0	0	16374
chrX	40075199	0	0	0	14752	14752
chrX	40077879	0	0	16418	0	16418
chrX	53399756	2	14782	0	0	14784
chrX	53409301	0	0	0	15584	15584
chrX	104593414	0	0	20646	0	20646
chrX	109378421	0	0	0	18959	18959
chrX	124061735	0	4753	0	0	4753
chrX	124063096	0	0	13333	0	13333
chrX	133881117	0	0	18763	0	18763
chrX	133881267	0	18290	0	0	18290
chrX	155099293	0	0	16115	0	16115
