#CHR	POS	Count_A	Count_C	Count_G	Count_T	Good_depth
chr1	1815818	0	17894	0	0	17894
chr1	8653318	0	0	0	8900	8900
chr1	20167244	0	13600	0	0	13600
chr1	20167324	0	0	16485	0	16485
chr1	33876224	0	0	15792	0	15792
chr1	57542614	14655	0	0	0	14655
chr1	75159324	13758	0	0	0	13758
chr1	80630582	0	11369	0	0	11369
chr1	80630603	0	0	10280	0	10280
chr1	103051998	0	12651	0	0	12651
chr1	175508637	0	16152	0	0	16152
chr1	184975264	0	14872	0	0	14872
chr1	184975334	0	14852	0	0	14852
chr1	190098243	16456	0	0	0	16456
chr1	190098282	0	0	0	16861	16861
chr1	190098591	0	0	16011	0	16011
chr1	190098939	0	0	14727	0	14727
chr1	190098984	0	0	14791	0	14791
chr1	190099008	0	15029	0	0	15029
chr1	190099032	0	14571	0	0	14571
chr1	190099044	0	14536	0	0	14536
chr1	190099080	0	0	13298	0	13298
chr1	190099212	0	8152	0	0	8152
chr1	190281556	0	0	12417	0	12417
chr1	190281684	0	14319	0	0	14319
chr1	229465267	3709	5629	0	0	9338
chr1	229465351	0	12899	0	0	12899
chr10	25270158	0	0	0	13053	13053
chr10	35131703	11167	0	0	0	11167
chr10	62664688	0	0	15598	0	15598
chr10	62664778	0	0	0	11806	11806
chr10	75988441	0	0	13432	0	13432
chr10	87933321	0	0	7561	0	7561
chr10	110581852	0	0	8188	0	8188
chr10	119277962	0	0	16280	0	16280
chr10	122272127	0	7191	0	8047	15238
chr11	9060379	0	7226	0	6723	13949
chr11	12452833	0	15406	0	0	15406
chr11	16448702	0	0	11273	0	11273
chr11	17742337	7308	0	0	0	7308
chr11	32392787	0	0	10931	0	10931
chr11	32396144	9532	0	0	0	9532
chr11	32396399	0	0	0	15731	15731
chr11	32396416	15378	0	0	0	15378
chr11	34495982	0	0	16456	0	16456
chr11	36153743	0	12141	0	0	12141
chr11	36153766	13469	0	0	0	13469
chr11	61104601	0	16541	0	0	16541
chr11	61104628	0	0	16465	0	16465
chr11	72657733	0	16499	0	0	16499
chr11	82358712	0	0	0	6749	6749
chr11	82358771	7023	0	0	0	7023
chr11	99206526	0	6430	0	4767	11197
chr11	99206616	6438	0	3663	0	10101
chr11	99568750	0	0	8458	0	8458
chr11	99568754	0	0	8887	0	8887
chr11	108229136	0	0	6429	0	6429
chr11	108245051	0	0	5503	5964	11467
chr11	108245084	9453	0	0	0	9453
chr11	108247163	0	12330	0	0	12330
chr11	108248903	0	0	2733	0	2733
chr11	108272618	0	0	16459	0	16459
chr11	108293534	10233	0	0	0	10233
chr11	108294907	6764	0	5821	0	12585
chr11	108294944	0	15787	0	0	15787
chr11	108299649	8566	0	0	0	8566
chr11	108315981	0	17272	0	0	17272
chr11	108316068	0	17739	0	0	17739
chr11	108325269	0	2140	0	3	2143
chr11	108347366	0	0	14614	0	14614
chr11	131690353	0	16658	0	0	16658
chr11	132079459	0	15462	0	0	15462
chr12	25159938	0	0	0	5559	5559
chr12	26645162	0	0	0	14266	14266
chr12	79117344	0	0	14290	0	14290
chr12	80593442	0	11598	0	0	11598
chr12	80593453	0	0	11740	0	11740
chr12	109763658	1	0	15504	0	15505
chr12	109763732	0	0	14958	0	14958
chr12	125618336	0	0	15423	0	15423
chr12	131030691	0	0	15831	0	15831
chr12	131030749	0	0	16456	0	16456
chr12	131030808	0	15223	0	0	15223
chr13	28018409	0	4955	0	5408	10363
chr13	29381579	0	9264	0	0	9264
chr13	42036066	0	0	6696	0	6696
chr13	42036103	0	0	8960	0	8960
chr13	42036182	7543	0	0	0	7543
chr13	60439455	4464	0	6631	0	11095
chr13	60439481	0	0	6877	4744	11621
chr13	85427587	0	0	0	13410	13410
chr13	101837480	0	0	8451	0	8451
chr13	107545680	0	15939	0	0	15939
chr13	107545683	0	16222	0	0	16222
chr13	107545767	0	13559	0	0	13559
chr14	38902662	0	14418	0	0	14418
chr14	67543416	0	0	10326	0	10326
chr14	76153957	0	0	0	13456	13456
chr14	99815833	7154	0	8276	0	15430
chr14	99815847	7454	0	8284	0	15738
chr15	27163121	0	16000	0	0	16000
chr15	27791784	10965	0	0	0	10965
chr15	39607817	0	0	0	8004	8004
chr15	39607855	0	0	6175	0	6175
chr15	44013752	0	0	7938	0	7938
chr15	80115617	0	0	10492	0	10492
chr16	6034567	0	0	10590	0	10590
chr16	6379472	7963	0	0	0	7963
chr16	6379495	0	0	0	9625	9625
chr16	6379558	0	0	10947	0	10947
chr16	9910458	5041	0	0	0	5041
chr16	9910537	0	1258	0	0	1258
chr16	15724284	7626	7774	0	0	15400
chr16	52568387	0	11562	0	0	11562
chr16	57370452	0	0	12673	0	12673
chr16	67612169	0	16591	0	0	16591
chr16	67616739	0	17052	0	0	17052
chr16	67616833	0	17120	0	0	17120
chr16	67626474	0	0	1779	0	1779
chr16	67628501	0	16408	0	0	16408
chr16	73386115	0	0	0	12561	12561
chr17	5834703	0	15471	0	0	15471
chr17	7669642	0	0	13985	0	13985
chr17	7673334	0	11851	0	0	11851
chr17	12621539	8740	0	0	0	8740
chr17	12621553	9250	0	0	0	9250
chr17	12621560	9852	0	0	0	9852
chr17	12621561	0	0	0	9996	9996
chr17	12621573	0	10101	0	0	10101
chr17	12621581	0	0	10737	0	10737
chr17	12621616	0	0	0	11239	11239
chr17	12621644	9771	0	0	0	9771
chr17	12621670	0	8102	0	0	8102
chr17	33287759	7513	0	0	7053	14566
chr17	33287852	0	16458	0	0	16458
chr17	51067614	0	0	12873	0	12873
chr17	53823336	0	0	14918	0	14918
chr17	60656634	0	0	15096	0	15096
chr17	76737017	12665	0	0	0	12665
chr18	4193945	7589	0	0	0	7589
chr18	7579194	0	11798	0	0	11798
chr18	7579277	13866	0	0	0	13866
chr18	7579294	13352	0	0	0	13352
chr18	27125186	0	0	8529	0	8529
chr18	32968861	0	0	0	7413	7413
chr18	35001079	0	0	9323	0	9323
chr18	50593212	0	0	15585	0	15585
chr18	58968498	0	0	0	15707	15707
chr18	58968538	0	15465	0	0	15465
chr18	62527782	0	0	11072	0	11072
chr18	69764027	0	15817	0	0	15817
chr18	74666435	0	0	0	15182	15182
chr19	29509552	0	17170	0	0	17170
chr19	30530958	0	0	16010	0	16010
chr19	30530988	0	16219	0	0	16219
chr19	32773283	0	16553	0	0	16553
chr19	33301659	0	8923	0	0	8923
chr19	33301722	0	0	8042	0	8042
chr19	33302244	0	10169	0	0	10169
chr19	44782295	0	13035	0	0	13035
chr2	1154666	12209	0	0	0	12209
chr2	1742901	0	0	14206	0	14206
chr2	1742960	0	0	0	14362	14362
chr2	10406422	0	0	15619	0	15619
chr2	10406468	0	16030	0	0	16030
chr2	10406503	0	0	16264	0	16264
chr2	15329045	0	0	0	9892	9892
chr2	15329122	0	0	0	13511	13511
chr2	25235677	0	0	0	11276	11276
chr2	25236935	0	14705	0	0	14705
chr2	25237072	0	12021	0	0	12021
chr2	25240614	6269	0	6876	0	13145
chr2	25244019	0	0	0	13935	13935
chr2	25245214	0	0	15451	0	15451
chr2	25246633	0	15416	0	0	15416
chr2	25246787	15277	0	0	0	15277
chr2	25247044	0	0	0	14143	14143
chr2	25247639	15971	0	0	0	15971
chr2	25247790	0	0	14538	0	14538
chr2	26629636	0	0	14747	0	14747
chr2	98389058	0	0	16386	0	16386
chr2	132582244	0	0	13177	0	13177
chr2	133060506	0	0	10655	0	10655
chr2	145061824	13954	0	0	0	13954
chr2	162614954	6697	0	0	0	6697
chr2	162614972	7631	0	0	0	7631
chr2	162615021	0	9609	0	0	9609
chr2	173947911	0	0	0	15160	15160
chr20	83148	1	0	15583	0	15584
chr20	83158	0	7784	0	7115	14899
chr20	14300177	0	11754	0	0	11754
chr20	14300230	0	0	14206	0	14206
chr20	17433202	0	14130	0	0	14130
chr20	17433203	0	0	14112	0	14112
chr20	17438980	0	0	16018	0	16018
chr20	17438999	0	0	0	16433	16433
chr20	17439070	0	12866	0	0	12866
chr20	32436288	0	0	16231	0	16231
chr20	37048217	0	16922	0	0	16922
chr20	42445130	0	0	15408	0	15408
chr20	43031194	0	16352	0	0	16352
chr20	46026997	0	0	14899	0	14899
chr21	32724643	0	3799	0	0	3799
chr21	34859490	0	11630	0	0	11630
chr21	34859553	11608	0	0	0	11608
chr22	23146855	6421	0	6563	0	12984
chr22	28688034	0	0	0	8019	8019
chr22	28688046	7407	0	0	0	7407
chr22	28688052	0	0	6781	0	6781
chr22	28689180	0	2353	1	0	2354
chr22	28725419	0	0	12736	0	12736
chr22	32446726	15460	0	0	0	15460
chr22	32446740	0	0	15463	0	15463
chr22	36632626	0	0	0	12646	12646
chr22	39588816	0	15738	0	0	15738
chr22	50177597	0	15556	0	0	15556
chr3	38284876	0	16192	0	0	16192
chr3	79767107	0	14561	0	0	14561
chr3	79767140	0	15155	0	0	15155
chr3	79767230	0	11962	0	0	11962
chr3	107382367	0	15186	0	0	15186
chr3	124684464	0	15380	0	0	15380
chr3	140454513	0	7307	0	6240	13547
chr3	140454553	0	13061	0	0	13061
chr3	156415908	0	15941	0	0	15941
chr3	156415922	0	0	16528	0	16528
chr3	156415939	0	16507	0	0	16507
chr3	156415978	0	0	16337	0	16337
chr3	156497283	0	0	15884	0	15884
chr3	177567399	0	0	5812	4744	10556
chr3	192811948	0	13256	0	0	13256
chr4	6459138	0	0	0	15662	15662
chr4	6459192	0	0	12282	0	12282
chr4	20521698	0	15620	0	0	15620
chr4	54733224	0	9751	0	0	9751
chr4	54733249	0	0	8269	0	8269
chr4	94932782	0	0	10159	0	10159
chr4	105236024	0	0	0	16065	16065
chr4	105236078	16466	2	0	0	16468
chr4	105237032	0	0	16154	0	16154
chr4	105276183	0	0	15899	0	15899
chr4	117369074	0	0	7180	0	7180
chr4	136881982	10732	0	0	0	10732
chr4	139722579	12788	0	0	0	12788
chr4	171825422	6556	0	5694	0	12250
chr4	171825435	0	0	0	12230	12230
chr4	173533477	0	14216	0	2	14218
chr4	177840335	0	0	13393	0	13393
chr5	7476066	0	0	10725	0	10725
chr5	9516788	0	14621	0	0	14621
chr5	9516855	0	0	15539	0	15539
chr5	16081009	0	15679	0	0	15679
chr5	16081075	1	13882	0	0	13883
chr5	16799232	0	0	0	13548	13548
chr5	27027009	0	0	10495	0	10495
chr5	35909613	0	0	0	13875	13875
chr5	45580051	0	13809	0	0	13809
chr5	45580094	0	0	0	10990	10990
chr5	61368607	0	0	0	14365	14365
chr5	83179950	0	0	13006	0	13006
chr5	111118182	0	0	0	15658	15658
chr5	167685548	1	0	14918	0	14919
chr5	167685596	6140	0	6913	0	13053
chr6	39208712	16024	0	0	0	16024
chr6	42424840	0	13250	0	0	13250
chr6	150236294	0	0	13918	0	13918
chr6	150236320	0	0	12474	0	12474
chr6	151284044	0	0	15980	0	15980
chr6	156879789	11367	0	0	0	11367
chr7	3517258	0	10596	0	0	10596
chr7	3884930	0	16307	0	0	16307
chr7	18892675	0	0	12697	0	12697
chr7	21816505	0	14764	0	0	14764
chr7	42022250	0	15524	0	0	15524
chr7	44239158	0	14743	0	0	14743
chr7	89114067	2820	0	3634	0	6454
chr7	102898068	4278	0	3729	0	8007
chr7	114443108	0	0	13946	0	13946
chr7	134248238	0	14225	0	0	14225
chr7	137819930	0	0	13901	0	13901
chr7	148807726	7601	0	0	0	7601
chr7	148809271	0	0	6379	6943	13322
chr7	148809309	0	12690	0	0	12690
chr7	148810480	12676	0	0	0	12676
chr7	158031030	0	15694	0	0	15694
chr8	3088396	13591	0	0	0	13591
chr8	3088430	13984	0	0	0	13984
chr8	3172382	0	0	13005	0	13005
chr8	3172445	0	0	15233	0	15233
chr8	3172474	0	0	14087	0	14087
chr8	3721907	0	0	0	15185	15185
chr8	3721951	0	15555	0	0	15555
chr8	3721952	0	0	15368	0	15368
chr8	18185701	0	0	0	7384	7384
chr8	18185781	0	5201	0	0	5201
chr8	41850874	0	0	15975	0	15975
chr8	41850923	0	0	16298	0	16298
chr8	50190585	0	0	0	8296	8296
chr8	113312929	0	0	8030	0	8030
chr8	113401454	0	9533	0	0	9533
chr8	116852527	0	0	10424	0	10424
chr8	116852533	0	0	0	10561	10561
chr8	116852728	0	0	2690	0	2690
chr8	116854470	0	2	0	11948	11950
chr8	116856616	0	12096	0	0	12096
chr8	116861772	0	5883	0	0	5883
chr8	119785952	0	7984	0	0	7984
chr8	139698382	0	0	13825	0	13825
chr9	9252386	0	0	12536	0	12536
chr9	9555461	0	10309	0	0	10309
chr9	9555526	13792	0	0	0	13792
chr9	83971681	0	0	8485	0	8485
chr9	83971758	0	0	8029	0	8029
chr9	83977111	0	0	4414	0	4414
chr9	83977823	0	0	13390	0	13390
chr9	106598130	0	7914	0	0	7914
chr9	128395067	0	15139	0	0	15139
chrX	12288714	0	0	7253	0	7253
chrX	12288772	0	0	8085	0	8085
chrX	29747856	0	5486	0	0	5486
chrX	29747945	0	0	6018	0	6018
chrX	40053881	0	8443	0	0	8443
chrX	40053900	0	0	0	8681	8681
chrX	40062411	7478	0	0	0	7478
chrX	40062413	0	7275	0	0	7275
chrX	40062682	0	0	8394	0	8394
chrX	40073147	0	8618	0	0	8618
chrX	40073654	0	0	0	8591	8591
chrX	40074338	0	8196	0	0	8196
chrX	40074386	0	8543	0	0	8543
chrX	40075199	0	0	0	6724	6724
chrX	40077879	0	0	8179	0	8179
chrX	53399756	0	6028	0	0	6028
chrX	53409301	0	0	0	7404	7404
chrX	104593414	0	0	7420	0	7420
chrX	109378421	0	0	0	7687	7687
chrX	124061735	0	1632	0	0	1632
chrX	124063096	0	0	4404	0	4404
chrX	133881117	0	0	7082	0	7082
chrX	133881267	0	6784	0	0	6784
chrX	155099293	0	0	5879	0	5879
