#CHR	POS	Count_A	Count_C	Count_G	Count_T	Good_depth
chr1	1815818	0	21319	0	0	21319
chr1	8653318	0	0	0	14041	14041
chr1	20167244	0	15985	0	0	15985
chr1	20167324	0	0	19348	0	19348
chr1	33876224	0	0	20673	0	20673
chr1	57542614	22154	0	0	0	22154
chr1	75159324	20701	0	0	0	20701
chr1	80630582	0	20541	0	0	20541
chr1	80630603	0	0	18958	0	18958
chr1	103051998	0	19914	0	0	19914
chr1	175508637	0	19699	0	0	19699
chr1	184975264	0	21080	0	0	21080
chr1	184975334	0	21065	0	0	21065
chr1	190098243	20666	0	0	0	20666
chr1	190098282	0	0	0	21439	21439
chr1	190098591	0	0	18989	0	18989
chr1	190098939	0	0	17488	0	17488
chr1	190098984	4	0	18405	0	18409
chr1	190099008	0	18630	0	0	18630
chr1	190099032	0	18282	0	0	18282
chr1	190099044	0	18655	0	0	18655
chr1	190099080	0	0	17753	0	17753
chr1	190099212	0	15341	0	0	15341
chr1	190281556	0	0	19227	0	19227
chr1	190281684	0	20831	0	0	20831
chr1	229465267	0	17511	0	0	17511
chr1	229465351	0	21847	0	0	21847
chr10	25270158	0	0	0	20192	20192
chr10	35131703	18281	0	0	0	18281
chr10	62664688	0	0	20786	0	20786
chr10	62664778	0	18025	0	0	18025
chr10	75988441	0	0	17741	0	17741
chr10	87933321	0	0	14010	0	14010
chr10	110581852	0	0	12844	3	12847
chr10	119277962	0	0	22318	0	22318
chr10	122272127	0	0	0	20381	20381
chr11	9060379	0	18380	0	0	18380
chr11	12452833	0	17249	0	0	17249
chr11	16448702	0	0	18628	0	18628
chr11	17742337	8341	0	0	0	8341
chr11	32392787	0	0	8037	6999	15036
chr11	32396144	13637	0	0	0	13637
chr11	32396399	0	0	0	19247	19247
chr11	32396416	19190	0	0	0	19190
chr11	34495982	0	0	17470	0	17470
chr11	36153743	0	16415	0	0	16415
chr11	36153766	18162	0	0	0	18162
chr11	61104601	8474	8732	0	0	17206
chr11	61104628	0	0	17401	0	17401
chr11	72657733	0	18756	0	0	18756
chr11	82358712	0	0	0	12808	12808
chr11	82358771	13620	0	0	0	13620
chr11	99206526	0	18413	0	0	18413
chr11	99206616	17706	0	0	0	17706
chr11	99568750	2	0	14872	0	14874
chr11	99568754	0	0	15501	0	15501
chr11	108229136	0	0	10531	0	10531
chr11	108245051	0	0	0	17711	17711
chr11	108245084	14420	0	0	0	14420
chr11	108247163	0	19005	0	0	19005
chr11	108248903	2	0	4722	0	4724
chr11	108272618	0	0	24947	0	24947
chr11	108293534	14737	0	0	0	14737
chr11	108294907	19409	0	0	0	19409
chr11	108294944	0	22952	0	0	22952
chr11	108299649	13035	0	0	0	13035
chr11	108315981	0	23428	0	0	23428
chr11	108316068	0	23272	0	0	23272
chr11	108325269	0	3293	0	0	3293
chr11	108347366	0	0	21361	0	21361
chr11	131690353	0	19234	0	0	19234
chr11	132079459	0	22875	0	0	22875
chr12	25159938	0	0	0	9798	9798
chr12	26645162	0	0	0	19327	19327
chr12	79117344	0	0	19929	0	19929
chr12	80593442	0	20519	0	0	20519
chr12	80593453	0	0	20500	0	20500
chr12	109763658	0	0	19057	0	19057
chr12	109763732	0	0	18077	0	18077
chr12	125618336	0	0	19568	0	19568
chr12	131030691	0	0	17806	0	17806
chr12	131030749	0	0	18524	0	18524
chr12	131030808	0	17888	0	0	17888
chr13	28018409	0	0	0	17499	17499
chr13	29381579	0	15137	0	0	15137
chr13	42036066	0	0	12069	0	12069
chr13	42036103	0	0	16201	0	16201
chr13	42036182	13738	0	0	0	13738
chr13	60439455	0	0	19752	0	19752
chr13	60439481	0	0	20705	0	20705
chr13	85427587	0	0	0	21368	21368
chr13	101837480	1	0	14543	0	14544
chr13	107545680	0	20535	0	0	20535
chr13	107545683	0	21043	0	0	21043
chr13	107545767	0	19443	0	0	19443
chr14	38902662	0	19446	0	0	19446
chr14	67543416	0	0	14888	0	14888
chr14	76153957	0	0	0	19646	19646
chr14	99815833	0	0	20754	0	20754
chr14	99815847	0	0	20602	0	20602
chr15	27163121	0	9123	0	8673	17796
chr15	27791784	19176	0	0	0	19176
chr15	39607817	0	0	0	14649	14649
chr15	39607855	0	0	11304	0	11304
chr15	44013752	0	0	12487	0	12487
chr15	80115617	0	0	16766	0	16766
chr16	6034567	2	0	16242	0	16244
chr16	6379472	11480	0	0	0	11480
chr16	6379495	0	0	0	13620	13620
chr16	6379558	0	0	15388	0	15388
chr16	9910458	9006	0	0	0	9006
chr16	9910537	0	2187	0	2	2189
chr16	15724284	18678	0	0	0	18678
chr16	52568387	0	18380	0	0	18380
chr16	57370452	0	0	17098	0	17098
chr16	67612169	0	22546	0	0	22546
chr16	67616739	0	21415	0	0	21415
chr16	67616833	0	21709	0	0	21709
chr16	67626474	0	0	3010	0	3010
chr16	67628501	0	19953	0	0	19953
chr16	73386115	0	0	0	20072	20072
chr17	5834703	0	21425	0	0	21425
chr17	7669642	0	0	18751	0	18751
chr17	7673334	0	15523	0	0	15523
chr17	12621539	7647	0	5898	0	13545
chr17	12621553	15085	0	0	0	15085
chr17	12621560	16227	0	0	0	16227
chr17	12621561	0	0	0	16443	16443
chr17	12621573	0	16778	0	0	16778
chr17	12621581	0	0	17696	0	17696
chr17	12621616	0	0	0	19390	19390
chr17	12621644	16872	0	0	1	16873
chr17	12621670	0	14298	0	0	14298
chr17	33287759	17116	0	0	0	17116
chr17	33287852	0	18672	0	0	18672
chr17	51067614	0	1	19381	0	19382
chr17	53823336	3	0	16337	0	16340
chr17	60656634	0	0	20244	0	20244
chr17	76737017	0	0	10517	0	10517
chr18	4193945	12856	0	0	0	12856
chr18	7579194	0	18585	0	0	18585
chr18	7579277	20601	0	0	0	20601
chr18	7579294	19921	0	0	0	19921
chr18	27125186	0	0	15948	0	15948
chr18	32968861	0	0	0	14070	14070
chr18	35001079	0	0	15799	0	15799
chr18	50593212	0	0	22132	0	22132
chr18	58968498	0	0	0	18759	18759
chr18	58968538	0	18620	0	0	18620
chr18	62527782	0	0	19095	0	19095
chr18	69764027	0	23300	0	0	23300
chr18	74666435	0	21514	0	0	21514
chr19	29509552	0	19058	0	0	19058
chr19	30530958	0	0	18404	0	18404
chr19	30530988	0	18393	0	0	18393
chr19	32773283	0	21997	0	0	21997
chr19	33301659	0	5597	0	0	5597
chr19	33301722	0	0	4925	0	4925
chr19	33302244	0	7347	0	0	7347
chr19	44782295	0	14120	0	1	14121
chr2	1154666	20117	0	0	0	20117
chr2	1742901	0	0	14889	0	14889
chr2	1742960	0	0	0	14632	14632
chr2	10406422	0	0	16466	0	16466
chr2	10406468	0	17003	0	0	17003
chr2	10406503	3	0	17191	0	17194
chr2	15329045	0	0	0	14685	14685
chr2	15329122	0	0	0	20226	20226
chr2	25235677	0	8789	0	8252	17041
chr2	25236935	0	16484	0	0	16484
chr2	25237072	0	16609	0	0	16609
chr2	25240614	0	0	17350	0	17350
chr2	25244019	0	0	7586	7230	14816
chr2	25245214	0	0	16087	0	16087
chr2	25246633	0	14461	0	0	14461
chr2	25246787	14145	0	0	0	14145
chr2	25247044	0	7918	0	7374	15292
chr2	25247639	15050	0	0	0	15050
chr2	25247790	0	0	14022	0	14022
chr2	26629636	0	0	17593	0	17593
chr2	98389058	0	0	20026	0	20026
chr2	132582244	1	0	19085	0	19086
chr2	133060506	0	0	17520	0	17520
chr2	145061824	21950	0	0	0	21950
chr2	162614954	11490	0	0	0	11490
chr2	162614972	13228	0	0	0	13228
chr2	162615021	0	17112	0	0	17112
chr2	173947911	0	0	0	21368	21368
chr20	83148	2	0	19899	0	19901
chr20	83158	0	10229	0	8839	19068
chr20	14300177	0	19095	0	0	19095
chr20	14300230	0	0	22536	0	22536
chr20	17433202	0	21194	0	0	21194
chr20	17433203	0	0	20943	0	20943
chr20	17438980	0	0	18573	0	18573
chr20	17438999	0	0	0	19428	19428
chr20	17439070	0	15549	0	0	15549
chr20	32436288	0	0	19507	0	19507
chr20	37048217	0	22768	0	0	22768
chr20	42445130	0	0	20943	0	20943
chr20	43031194	0	19896	0	0	19896
chr20	46026997	0	0	21128	0	21128
chr21	32724643	0	4411	0	5087	9498
chr21	34859490	0	17317	0	0	17317
chr21	34859553	18202	0	0	0	18202
chr22	23146855	16004	0	0	0	16004
chr22	28688034	0	0	0	12747	12747
chr22	28688046	11736	0	3	0	11739
chr22	28688052	3	0	11119	0	11122
chr22	28689180	0	5956	1	0	5957
chr22	28725419	0	0	17037	0	17037
chr22	32446726	22087	0	0	0	22087
chr22	32446740	0	0	21894	0	21894
chr22	36632626	0	0	0	18586	18586
chr22	39588816	0	18333	0	0	18333
chr22	50177597	0	17271	0	0	17271
chr3	38284876	0	21669	0	0	21669
chr3	79767107	0	16660	0	0	16660
chr3	79767140	0	17176	0	0	17176
chr3	79767230	0	0	13556	0	13556
chr3	107382367	0	23602	0	0	23602
chr3	124684464	0	19020	0	0	19020
chr3	140454513	0	21052	0	0	21052
chr3	140454553	0	20175	0	0	20175
chr3	156415908	0	19259	0	0	19259
chr3	156415922	0	0	20340	0	20340
chr3	156415939	0	20362	0	0	20362
chr3	156415978	0	0	20910	0	20910
chr3	156497283	0	0	22773	0	22773
chr3	177567399	0	0	16721	0	16721
chr3	192811948	0	19859	0	0	19859
chr4	6459138	0	0	0	20350	20350
chr4	6459192	0	0	16268	0	16268
chr4	20521698	0	21000	0	0	21000
chr4	54733224	0	17534	0	0	17534
chr4	54733249	0	0	15416	0	15416
chr4	94932782	0	0	18062	0	18062
chr4	105236024	0	0	0	19999	19999
chr4	105236078	20964	0	0	0	20964
chr4	105237032	0	0	21268	0	21268
chr4	105276183	1	0	18995	0	18996
chr4	117369074	0	0	13384	0	13384
chr4	136881982	17134	0	0	0	17134
chr4	139722579	21012	0	0	0	21012
chr4	171825422	20937	0	0	0	20937
chr4	171825435	0	0	0	20800	20800
chr4	173533477	0	18430	0	0	18430
chr4	177840335	0	0	20498	0	20498
chr5	7476066	0	0	16212	0	16212
chr5	9516788	0	19930	0	0	19930
chr5	9516855	0	0	21656	0	21656
chr5	16081009	0	19692	0	0	19692
chr5	16081075	0	18855	0	0	18855
chr5	16799232	0	0	0	19516	19516
chr5	27027009	0	0	18442	0	18442
chr5	35909613	1	0	0	22732	22733
chr5	45580051	0	21155	0	0	21155
chr5	45580094	0	0	0	17251	17251
chr5	61368607	0	0	0	21095	21095
chr5	83179950	0	0	20287	0	20287
chr5	111118182	0	0	0	24359	24359
chr5	167685548	0	0	21333	0	21333
chr5	167685596	0	0	20578	0	20578
chr6	39208712	17935	0	0	0	17935
chr6	42424840	0	9487	0	8248	17735
chr6	150236294	0	0	19728	0	19728
chr6	150236320	0	0	17875	0	17875
chr6	151284044	0	0	19735	1	19736
chr6	156879789	8662	0	9743	0	18405
chr7	3517258	0	17368	0	0	17368
chr7	3884930	0	18672	0	0	18672
chr7	18892675	0	0	19601	0	19601
chr7	21816505	0	20493	0	0	20493
chr7	42022250	0	21700	0	0	21700
chr7	44239158	0	13994	0	4	13998
chr7	89114067	0	0	12404	0	12404
chr7	102898068	15374	0	0	0	15374
chr7	114443108	0	0	22798	0	22798
chr7	134248238	0	19142	0	0	19142
chr7	137819930	0	0	20116	0	20116
chr7	148807726	11689	0	0	0	11689
chr7	148809271	0	0	9337	10029	19366
chr7	148809309	0	19155	0	0	19155
chr7	148810480	17075	0	2	0	17077
chr7	158031030	0	20892	0	0	20892
chr8	3088396	19497	0	0	0	19497
chr8	3088430	20163	0	0	0	20163
chr8	3172382	0	0	16642	0	16642
chr8	3172445	0	0	19623	0	19623
chr8	3172474	4	0	18007	0	18011
chr8	3721907	0	2	0	19751	19753
chr8	3721951	0	19079	0	0	19079
chr8	3721952	0	0	18735	0	18735
chr8	18185701	0	0	0	12978	12978
chr8	18185781	0	9446	0	0	9446
chr8	41850874	0	0	19707	0	19707
chr8	41850923	0	0	20122	0	20122
chr8	50190585	0	0	0	13635	13635
chr8	113312929	0	0	14386	0	14386
chr8	113401454	0	17044	0	0	17044
chr8	116852527	0	0	17341	0	17341
chr8	116852533	0	9	0	17711	17720
chr8	116852728	0	0	6859	0	6859
chr8	116854470	0	0	0	18572	18572
chr8	116856616	0	19631	0	0	19631
chr8	116861772	0	11137	0	0	11137
chr8	119785952	0	14915	0	0	14915
chr8	139698382	0	0	14758	0	14758
chr9	9252386	1	0	20739	0	20740
chr9	9555461	0	17021	0	0	17021
chr9	9555526	23208	0	0	0	23208
chr9	83971681	11	0	16672	0	16683
chr9	83971758	0	0	15497	0	15497
chr9	83977111	9207	0	0	0	9207
chr9	83977823	0	0	19685	0	19685
chr9	106598130	0	13411	0	0	13411
chr9	128395067	0	18272	0	0	18272
chrX	12288714	0	1	19316	0	19317
chrX	12288772	0	0	21907	0	21907
chrX	29747856	0	18260	0	0	18260
chrX	29747945	0	0	20064	0	20064
chrX	40053881	0	20236	0	2	20238
chrX	40053900	0	0	0	20871	20871
chrX	40062411	16643	0	0	3	16646
chrX	40062413	0	16178	0	1	16179
chrX	40062682	2	0	18077	0	18079
chrX	40073147	0	17196	0	0	17196
chrX	40073654	0	8986	0	9760	18746
chrX	40074338	0	17205	0	3	17208
chrX	40074386	0	17421	0	0	17421
chrX	40075199	0	0	0	14976	14976
chrX	40077879	0	0	16857	0	16857
chrX	53399756	0	13877	0	0	13877
chrX	53409301	0	0	0	15569	15569
chrX	104593414	0	0	19149	0	19149
chrX	109378421	0	0	0	19158	19158
chrX	124061735	0	3927	0	0	3927
chrX	124063096	0	0	11341	0	11341
chrX	133881117	0	0	19059	0	19059
chrX	133881267	0	17124	1	0	17125
chrX	155099293	0	0	16268	2	16270
