#CHR	POS	Count_A	Count_C	Count_G	Count_T	Good_depth
chr1	1815818	0	15390	0	0	15390
chr1	8653318	0	0	0	15365	15365
chr1	20167244	0	11860	0	0	11860
chr1	20167324	6426	0	6955	0	13381
chr1	33876224	0	0	15415	0	15415
chr1	57542614	8792	8250	0	0	17042
chr1	75159324	17121	0	0	0	17121
chr1	80630582	0	21631	0	0	21631
chr1	80630603	0	0	20638	0	20638
chr1	103051998	0	18123	0	0	18123
chr1	175508637	0	14766	0	0	14766
chr1	184975264	0	16992	0	3	16995
chr1	184975334	0	17200	0	0	17200
chr1	190098243	15585	0	0	0	15585
chr1	190098282	0	0	0	16110	16110
chr1	190098591	2	0	14309	0	14311
chr1	190098939	0	0	13135	0	13135
chr1	190098984	0	0	14061	0	14061
chr1	190099008	0	14236	0	0	14236
chr1	190099032	0	14058	0	1	14059
chr1	190099044	0	14431	0	1	14432
chr1	190099080	0	0	14019	0	14019
chr1	190099212	0	16753	0	0	16753
chr1	190281556	0	0	16571	0	16571
chr1	190281684	0	17506	0	0	17506
chr1	229465267	0	15722	0	0	15722
chr1	229465351	0	20432	0	0	20432
chr10	25270158	0	1	0	17902	17903
chr10	35131703	19150	0	0	0	19150
chr10	62664688	0	0	15668	0	15668
chr10	62664778	0	13589	0	0	13589
chr10	75988441	0	0	13562	0	13562
chr10	87933321	0	0	16508	0	16508
chr10	110581852	0	0	12780	0	12780
chr10	119277962	0	0	18508	0	18508
chr10	122272127	0	7177	0	8103	15280
chr11	9060379	0	6865	0	6722	13587
chr11	12452833	0	12464	0	0	12464
chr11	16448702	2	0	18629	0	18631
chr11	17742337	6224	3	0	0	6227
chr11	32392787	0	0	13802	0	13802
chr11	32396144	11200	1	0	0	11201
chr11	32396399	0	0	0	14686	14686
chr11	32396416	14846	0	0	0	14846
chr11	34495982	0	0	12397	0	12397
chr11	36153743	0	6713	0	5946	12659
chr11	36153766	14475	0	0	0	14475
chr11	61104601	11754	0	0	0	11754
chr11	61104628	0	0	12062	0	12062
chr11	72657733	0	13198	0	0	13198
chr11	82358712	0	2	0	16063	16065
chr11	82358771	17438	0	0	1	17439
chr11	99206526	0	15892	0	0	15892
chr11	99206616	15458	0	0	0	15458
chr11	99568750	0	0	14721	0	14721
chr11	99568754	0	0	15346	2	15348
chr11	108229136	0	0	11584	0	11584
chr11	108245051	0	0	15175	0	15175
chr11	108245084	12527	0	2	0	12529
chr11	108247163	0	17485	0	0	17485
chr11	108248903	0	0	6640	0	6640
chr11	108272618	0	0	21347	0	21347
chr11	108293534	12800	0	0	0	12800
chr11	108294907	0	0	14259	0	14259
chr11	108294944	0	17814	0	0	17814
chr11	108299649	11710	0	0	0	11710
chr11	108315981	0	18817	0	0	18817
chr11	108316068	0	18120	0	0	18120
chr11	108325269	0	3142	0	0	3142
chr11	108347366	0	0	18700	0	18700
chr11	131690353	0	13401	0	0	13401
chr11	132079459	0	17664	0	0	17664
chr12	25159938	0	0	0	11005	11005
chr12	26645162	0	0	0	15225	15225
chr12	79117344	0	0	16443	0	16443
chr12	80593442	0	20797	0	0	20797
chr12	80593453	0	0	20696	0	20696
chr12	109763658	0	0	14228	0	14228
chr12	109763732	0	0	13534	0	13534
chr12	125618336	0	0	14422	0	14422
chr12	131030691	0	0	12836	0	12836
chr12	131030749	0	0	12932	0	12932
chr12	131030808	0	13076	0	0	13076
chr13	28018409	0	0	0	17066	17066
chr13	29381579	0	17069	0	0	17069
chr13	42036066	0	0	13916	0	13916
chr13	42036103	0	0	18558	2	18560
chr13	42036182	15502	0	0	0	15502
chr13	60439455	8672	0	10068	0	18740
chr13	60439481	0	0	10604	9482	20086
chr13	85427587	0	1	0	18617	18618
chr13	101837480	0	0	14054	0	14054
chr13	107545680	0	15231	0	0	15231
chr13	107545683	0	15558	0	0	15558
chr13	107545767	0	14746	0	0	14746
chr14	38902662	0	15835	0	0	15835
chr14	67543416	0	0	12882	0	12882
chr14	76153957	0	5	0	18085	18090
chr14	99815833	7748	0	8350	0	16098
chr14	99815847	8044	0	8265	0	16309
chr15	27163121	0	6586	0	6386	12972
chr15	27791784	16804	0	0	0	16804
chr15	39607817	0	0	0	16606	16606
chr15	39607855	0	0	12725	0	12725
chr15	44013752	0	0	11577	0	11577
chr15	80115617	0	0	15410	0	15410
chr16	6034567	0	0	13298	0	13298
chr16	6379472	9541	0	0	0	9541
chr16	6379495	0	0	0	10934	10934
chr16	6379558	0	0	12153	0	12153
chr16	9910458	10339	0	0	0	10339
chr16	9910537	0	2626	0	1	2627
chr16	15724284	6665	6010	0	0	12675
chr16	52568387	0	15810	0	0	15810
chr16	57370452	0	0	13631	0	13631
chr16	67612169	1	17868	0	0	17869
chr16	67616739	0	17077	0	0	17077
chr16	67616833	0	16931	0	0	16931
chr16	67626474	3	0	2809	0	2812
chr16	67628501	0	15225	0	0	15225
chr16	73386115	0	0	0	16931	16931
chr17	5834703	0	17944	0	0	17944
chr17	7669642	0	0	14489	0	14489
chr17	7673334	0	12958	0	0	12958
chr17	12621539	15603	0	0	0	15603
chr17	12621553	16303	0	0	0	16303
chr17	12621560	17399	0	0	0	17399
chr17	12621561	0	0	0	17535	17535
chr17	12621573	0	18238	0	0	18238
chr17	12621581	0	0	18510	0	18510
chr17	12621616	0	0	0	19799	19799
chr17	12621644	18272	0	0	0	18272
chr17	12621670	0	16717	0	0	16717
chr17	33287759	0	0	0	12598	12598
chr17	33287852	0	13543	0	0	13543
chr17	51067614	0	0	18142	0	18142
chr17	53823336	1	0	12153	0	12154
chr17	60656634	0	0	17607	0	17607
chr17	76737017	0	0	8142	0	8142
chr18	4193945	12375	0	2	0	12377
chr18	7579194	0	8098	0	7713	15811
chr18	7579277	17732	0	0	0	17732
chr18	7579294	17365	0	0	0	17365
chr18	27125186	0	0	17502	0	17502
chr18	32968861	0	0	0	16980	16980
chr18	35001079	0	0	16050	0	16050
chr18	50593212	0	0	17120	0	17120
chr18	58968498	0	0	0	13620	13620
chr18	58968538	0	13513	0	0	13513
chr18	62527782	0	0	18057	32	18089
chr18	69764027	0	18079	0	0	18079
chr18	74666435	0	8104	0	7690	15794
chr19	29509552	0	13389	0	0	13389
chr19	30530958	0	0	12897	0	12897
chr19	30530988	0	13159	0	0	13159
chr19	32773283	0	17557	0	0	17557
chr19	33301659	1875	844	0	0	2719
chr19	33301722	0	1474	562	0	2036
chr19	33302244	0	4476	0	0	4476
chr19	44782295	0	9307	0	0	9307
chr2	1154666	17945	0	0	0	17945
chr2	1742901	0	0	10568	0	10568
chr2	1742960	0	0	0	10542	10542
chr2	10406422	1	0	12054	0	12055
chr2	10406468	0	12323	0	0	12323
chr2	10406503	0	0	12293	0	12293
chr2	15329045	0	5130	0	6369	11499
chr2	15329122	0	0	0	17069	17069
chr2	25235677	0	13472	0	0	13472
chr2	25236935	0	11393	0	0	11393
chr2	25237072	0	12575	0	0	12575
chr2	25240614	0	0	12858	0	12858
chr2	25244019	0	0	10226	0	10226
chr2	25245214	0	0	10894	0	10894
chr2	25246633	0	9559	0	0	9559
chr2	25246787	9490	0	0	0	9490
chr2	25247044	0	10491	0	0	10491
chr2	25247639	10348	0	0	0	10348
chr2	25247790	0	0	9380	0	9380
chr2	26629636	0	0	12818	2	12820
chr2	98389058	0	0	14805	0	14805
chr2	132582244	0	0	15868	0	15868
chr2	133060506	0	0	15869	0	15869
chr2	145061824	19825	0	0	0	19825
chr2	162614954	11883	0	0	0	11883
chr2	162614972	14514	0	0	0	14514
chr2	162615021	0	19735	0	1	19736
chr2	173947911	0	0	0	18349	18349
chr20	83148	0	0	15762	0	15762
chr20	83158	0	7987	0	7239	15226
chr20	14300177	0	16389	0	0	16389
chr20	14300230	0	0	19825	0	19825
chr20	17433202	0	18474	0	0	18474
chr20	17433203	1	0	18068	0	18069
chr20	17438980	0	0	13976	0	13976
chr20	17438999	0	1	0	14629	14630
chr20	17439070	0	11502	0	0	11502
chr20	32436288	0	0	15113	0	15113
chr20	37048217	0	18258	0	0	18258
chr20	42445130	0	0	16651	0	16651
chr20	43031194	0	14554	0	0	14554
chr20	46026997	0	0	17577	0	17577
chr21	32724643	0	7376	0	8154	15530
chr21	34859490	0	13986	0	0	13986
chr21	34859553	15677	0	0	0	15677
chr22	23146855	0	0	12261	0	12261
chr22	28688034	0	2	0	12298	12300
chr22	28688046	11529	0	2	0	11531
chr22	28688052	1	0	11161	0	11162
chr22	28689180	0	10268	4	0	10272
chr22	28725419	1	0	14434	0	14435
chr22	32446726	18945	0	13	0	18958
chr22	32446740	0	0	18962	0	18962
chr22	36632626	0	0	0	15152	15152
chr22	39588816	0	13937	0	0	13937
chr22	50177597	0	12661	0	1	12662
chr3	38284876	0	17170	0	4	17174
chr3	79767107	0	12341	0	0	12341
chr3	79767140	0	6414	0	6016	12430
chr3	79767230	0	4771	4976	0	9747
chr3	107382367	0	20919	0	0	20919
chr3	124684464	0	14856	0	1	14857
chr3	140454513	0	17011	0	0	17011
chr3	140454553	0	16854	0	0	16854
chr3	156415908	0	14344	0	1	14345
chr3	156415922	0	0	15141	0	15141
chr3	156415939	0	15237	0	0	15237
chr3	156415978	0	0	15752	0	15752
chr3	156497283	0	0	18687	0	18687
chr3	177567399	0	0	14191	0	14191
chr3	192811948	0	17744	0	0	17744
chr4	6459138	0	0	0	15447	15447
chr4	6459192	0	0	12442	0	12442
chr4	20521698	0	17079	0	0	17079
chr4	54733224	0	17633	0	0	17633
chr4	54733249	0	0	15798	0	15798
chr4	94932782	0	0	19473	0	19473
chr4	105236024	0	0	0	15568	15568
chr4	105236078	16515	0	0	0	16515
chr4	105237032	8337	0	8293	0	16630
chr4	105276183	0	0	14736	0	14736
chr4	117369074	0	0	16099	0	16099
chr4	136881982	14566	0	0	0	14566
chr4	139722579	20678	0	0	0	20678
chr4	171825422	18350	0	0	0	18350
chr4	171825435	0	0	0	18074	18074
chr4	173533477	0	14446	0	0	14446
chr4	177840335	0	0	18388	0	18388
chr5	7476066	0	0	14208	0	14208
chr5	9516788	0	15662	0	0	15662
chr5	9516855	0	0	17174	0	17174
chr5	16081009	0	15004	0	0	15004
chr5	16081075	0	14409	0	0	14409
chr5	16799232	0	0	0	16982	16982
chr5	27027009	0	0	19023	0	19023
chr5	35909613	0	0	0	20571	20571
chr5	45580051	0	18160	0	0	18160
chr5	45580094	0	0	0	15043	15043
chr5	61368607	0	0	0	18603	18603
chr5	83179950	0	0	17952	0	17952
chr5	111118182	0	0	0	21435	21435
chr5	167685548	0	0	17665	0	17665
chr5	167685596	0	0	17505	0	17505
chr6	39208712	13830	0	0	0	13830
chr6	42424840	0	0	0	14560	14560
chr6	150236294	0	0	16515	0	16515
chr6	150236320	1	0	15194	0	15195
chr6	151284044	0	0	15029	0	15029
chr6	156879789	15644	0	0	0	15644
chr7	3517258	2	15053	0	0	15055
chr7	3884930	0	13283	0	1	13284
chr7	18892675	0	0	17786	0	17786
chr7	21816505	0	16698	0	0	16698
chr7	42022250	0	18223	0	0	18223
chr7	44239158	0	9260	0	0	9260
chr7	89114067	0	0	16802	0	16802
chr7	102898068	16674	0	0	0	16674
chr7	114443108	0	0	19981	0	19981
chr7	134248238	0	15976	0	0	15976
chr7	137819930	0	0	16282	0	16282
chr7	148807726	11494	0	0	0	11494
chr7	148809271	0	0	16270	1	16271
chr7	148809309	0	17049	0	0	17049
chr7	148810480	14107	0	0	0	14107
chr7	158031030	0	15964	0	0	15964
chr8	3088396	16408	0	0	0	16408
chr8	3088430	17268	0	0	0	17268
chr8	3172382	0	0	13199	0	13199
chr8	3172445	0	0	15331	0	15331
chr8	3172474	0	0	14237	0	14237
chr8	3721907	0	0	0	14281	14281
chr8	3721951	0	14418	0	0	14418
chr8	3721952	0	0	14141	0	14141
chr8	18185701	0	0	0	17328	17328
chr8	18185781	0	11198	0	0	11198
chr8	41850874	0	0	14376	0	14376
chr8	41850923	0	0	14949	0	14949
chr8	50190585	0	0	0	12689	12689
chr8	113312929	0	0	16729	0	16729
chr8	113401454	0	18474	0	0	18474
chr8	116852527	0	0	15170	2	15172
chr8	116852533	0	0	0	15824	15824
chr8	116852728	0	0	9287	0	9287
chr8	116854470	0	0	0	17551	17551
chr8	116856616	0	18026	0	0	18026
chr8	116861772	0	11538	0	0	11538
chr8	119785952	0	16580	0	0	16580
chr8	139698382	0	0	10572	0	10572
chr9	9252386	0	0	17556	0	17556
chr9	9555461	0	15432	0	0	15432
chr9	9555526	21348	0	0	0	21348
chr9	83971681	0	0	16844	0	16844
chr9	83971758	0	0	15968	0	15968
chr9	83977111	6653	0	5650	0	12303
chr9	83977823	2	0	18637	0	18639
chr9	106598130	0	11504	0	0	11504
chr9	128395067	2	13751	0	0	13753
chrX	12288714	0	0	8606	0	8606
chrX	12288772	1	0	9759	0	9760
chrX	29747856	0	7917	0	0	7917
chrX	29747945	0	0	8840	0	8840
chrX	40053881	0	7808	0	0	7808
chrX	40053900	0	0	0	8082	8082
chrX	40062411	6362	0	0	0	6362
chrX	40062413	0	6227	0	0	6227
chrX	40062682	0	0	6787	0	6787
chrX	40073147	0	6014	0	0	6014
chrX	40073654	0	6674	0	1	6675
chrX	40074338	0	5986	0	0	5986
chrX	40074386	0	6043	0	0	6043
chrX	40075199	0	0	0	5835	5835
chrX	40077879	0	0	6268	0	6268
chrX	53399756	0	6885	0	0	6885
chrX	53409301	0	0	0	6225	6225
chrX	104593414	0	0	9255	0	9255
chrX	109378421	0	0	0	7902	7902
chrX	124061735	2	7305	0	0	7307
chrX	124063096	0	0	8269	0	8269
chrX	133881117	0	0	7751	0	7751
chrX	133881267	0	7633	2	0	7635
chrX	155099293	0	0	8645	0	8645
