#CHR	POS	Count_A	Count_C	Count_G	Count_T	Good_depth
chr1	1815818	0	7875	0	0	7875
chr1	8653318	0	0	0	4624	4624
chr1	20167244	0	6359	0	0	6359
chr1	20167324	0	0	7604	0	7604
chr1	33876224	0	0	7157	0	7157
chr1	57542614	6867	3	0	0	6870
chr1	75159324	5744	0	0	0	5744
chr1	80630582	1	5461	0	0	5462
chr1	80630603	0	0	5164	0	5164
chr1	103051998	0	5434	0	0	5434
chr1	175508637	0	7141	0	0	7141
chr1	184975264	0	6906	0	0	6906
chr1	184975334	0	6767	0	0	6767
chr1	190098243	6745	0	0	0	6745
chr1	190098282	0	0	0	6966	6966
chr1	190098591	0	0	6856	0	6856
chr1	190098939	0	0	6371	0	6371
chr1	190098984	0	0	6472	0	6472
chr1	190099008	0	6513	0	0	6513
chr1	190099032	0	6293	0	0	6293
chr1	190099044	0	6209	0	0	6209
chr1	190099080	1	0	5772	0	5773
chr1	190099212	0	4363	0	0	4363
chr1	190281556	0	0	5514	0	5514
chr1	190281684	0	6114	0	0	6114
chr1	229465267	1	4836	0	0	4837
chr1	229465351	0	6172	0	0	6172
chr10	25270158	0	0	0	5954	5954
chr10	35131703	5183	0	0	0	5183
chr10	62664688	0	0	7307	0	7307
chr10	62664778	0	5859	0	0	5859
chr10	75988441	0	0	6324	0	6324
chr10	87933321	0	0	3718	0	3718
chr10	110581852	0	0	3608	0	3608
chr10	119277962	0	0	6958	0	6958
chr10	122272127	0	0	0	7093	7093
chr11	9060379	0	6388	0	1	6389
chr11	12452833	0	6933	0	0	6933
chr11	16448702	0	0	5189	0	5189
chr11	17742337	3573	1	0	0	3574
chr11	32392787	0	0	2660	2436	5096
chr11	32396144	5190	0	0	0	5190
chr11	32396399	0	2	0	7138	7140
chr11	32396416	7077	0	0	0	7077
chr11	34495982	0	0	7392	0	7392
chr11	36153743	0	5775	0	0	5775
chr11	36153766	6434	0	0	0	6434
chr11	61104601	3669	3847	0	0	7516
chr11	61104628	0	0	7688	0	7688
chr11	72657733	0	7742	0	0	7742
chr11	82358712	0	0	0	3707	3707
chr11	82358771	3877	0	0	0	3877
chr11	99206526	0	5394	0	5	5399
chr11	99206616	5296	0	2	0	5298
chr11	99568750	0	0	3952	0	3952
chr11	99568754	0	0	4115	0	4115
chr11	108229136	0	0	3180	0	3180
chr11	108245051	0	0	0	4884	4884
chr11	108245084	3962	0	0	0	3962
chr11	108247163	0	5313	0	0	5313
chr11	108248903	0	0	1518	0	1518
chr11	108272618	0	0	6388	0	6388
chr11	108293534	4331	0	0	0	4331
chr11	108294907	5626	0	0	0	5626
chr11	108294944	0	6742	0	0	6742
chr11	108299649	4009	0	0	0	4009
chr11	108315981	0	6481	0	0	6481
chr11	108316068	0	6876	0	0	6876
chr11	108325269	0	1040	0	0	1040
chr11	108347366	0	0	5743	0	5743
chr11	131690353	0	7253	0	0	7253
chr11	132079459	0	6906	0	0	6906
chr12	25159938	0	0	0	2463	2463
chr12	26645162	0	4	0	7079	7083
chr12	79117344	0	0	5853	0	5853
chr12	80593442	0	5426	0	0	5426
chr12	80593453	0	0	5473	0	5473
chr12	109763658	0	0	7244	0	7244
chr12	109763732	0	0	7188	0	7188
chr12	125618336	0	0	6666	0	6666
chr12	131030691	0	0	7064	0	7064
chr12	131030749	0	0	7329	0	7329
chr12	131030808	0	7189	0	0	7189
chr13	28018409	0	0	0	5427	5427
chr13	29381579	0	4685	0	0	4685
chr13	42036066	0	0	3617	0	3617
chr13	42036103	0	0	4876	0	4876
chr13	42036182	4087	0	0	0	4087
chr13	60439455	0	0	5259	0	5259
chr13	60439481	0	0	5560	0	5560
chr13	85427587	0	0	0	5778	5778
chr13	101837480	0	0	4189	0	4189
chr13	107545680	0	6865	0	0	6865
chr13	107545683	0	7024	0	0	7024
chr13	107545767	0	6249	0	0	6249
chr14	38902662	0	6302	0	0	6302
chr14	67543416	0	0	5190	0	5190
chr14	76153957	0	0	0	6351	6351
chr14	99815833	0	0	6725	0	6725
chr14	99815847	0	0	6853	0	6853
chr15	27163121	0	3608	0	3426	7034
chr15	27791784	6110	0	0	0	6110
chr15	39607817	0	0	0	4359	4359
chr15	39607855	0	0	3405	0	3405
chr15	44013752	0	0	3716	0	3716
chr15	80115617	0	0	4880	0	4880
chr16	6034567	0	0	5329	0	5329
chr16	6379472	4107	0	0	0	4107
chr16	6379495	0	0	0	4859	4859
chr16	6379558	0	0	5488	0	5488
chr16	9910458	3013	0	0	0	3013
chr16	9910537	0	734	0	1	735
chr16	15724284	7392	4	0	0	7396
chr16	52568387	0	5509	0	0	5509
chr16	57370452	0	0	6059	0	6059
chr16	67612169	0	6782	0	0	6782
chr16	67616739	0	7037	0	0	7037
chr16	67616833	0	7060	0	0	7060
chr16	67626474	1	0	993	0	994
chr16	67628501	0	7293	0	0	7293
chr16	73386115	0	0	0	6267	6267
chr17	5834703	0	6373	0	0	6373
chr17	7669642	0	0	6854	0	6854
chr17	7673334	0	5324	0	0	5324
chr17	12621539	1993	0	1465	0	3458
chr17	12621553	3890	0	0	0	3890
chr17	12621560	4189	0	0	0	4189
chr17	12621561	0	0	0	4224	4224
chr17	12621573	0	4310	0	0	4310
chr17	12621581	0	0	4508	4	4512
chr17	12621616	0	0	0	5065	5065
chr17	12621644	4591	0	0	0	4591
chr17	12621670	0	3924	0	3	3927
chr17	33287759	6938	0	0	3	6941
chr17	33287852	0	7131	0	0	7131
chr17	51067614	0	0	5921	0	5921
chr17	53823336	0	0	6761	0	6761
chr17	60656634	0	0	6403	0	6403
chr17	76737017	2	0	6466	0	6468
chr18	4193945	3615	0	0	0	3615
chr18	7579194	0	5756	0	0	5756
chr18	7579277	6484	0	0	0	6484
chr18	7579294	6232	0	0	0	6232
chr18	27125186	0	0	4323	0	4323
chr18	32968861	0	0	0	3774	3774
chr18	35001079	0	0	5187	0	5187
chr18	50593212	0	0	6787	0	6787
chr18	58968498	0	0	0	7268	7268
chr18	58968538	0	7195	0	0	7195
chr18	62527782	0	0	5607	0	5607
chr18	69764027	0	6988	0	0	6988
chr18	74666435	0	7626	0	5	7631
chr19	29509552	0	7582	0	0	7582
chr19	30530958	0	0	7004	0	7004
chr19	30530988	0	7068	0	0	7068
chr19	32773283	0	6875	0	0	6875
chr19	33301659	0	4633	0	0	4633
chr19	33301722	0	0	4177	0	4177
chr19	33302244	0	5367	0	0	5367
chr19	44782295	0	5951	0	0	5951
chr2	1154666	5732	0	0	0	5732
chr2	1742901	0	0	6609	0	6609
chr2	1742960	0	0	0	6702	6702
chr2	10406422	0	0	7311	0	7311
chr2	10406468	0	7470	0	0	7470
chr2	10406503	3	0	7545	0	7548
chr2	15329045	0	4	0	4886	4890
chr2	15329122	0	0	0	6513	6513
chr2	25235677	0	3312	0	2984	6296
chr2	25236935	0	7147	0	0	7147
chr2	25237072	0	6244	0	0	6244
chr2	25240614	0	0	6923	0	6923
chr2	25244019	0	0	3521	3249	6770
chr2	25245214	0	0	7340	0	7340
chr2	25246633	0	7391	0	0	7391
chr2	25246787	7270	0	0	0	7270
chr2	25247044	0	3670	0	3377	7047
chr2	25247639	7264	0	0	0	7264
chr2	25247790	0	0	7101	0	7101
chr2	26629636	0	0	7079	0	7079
chr2	98389058	0	0	7635	0	7635
chr2	132582244	2	0	6700	0	6702
chr2	133060506	0	0	4984	0	4984
chr2	145061824	6321	0	0	0	6321
chr2	162614954	3034	0	0	0	3034
chr2	162614972	3557	0	0	0	3557
chr2	162615021	0	4564	0	0	4564
chr2	173947911	0	0	0	6454	6454
chr20	83148	0	0	6193	0	6193
chr20	83158	0	3155	0	2779	5934
chr20	14300177	0	5310	0	0	5310
chr20	14300230	0	0	6266	0	6266
chr20	17433202	0	6527	0	0	6527
chr20	17433203	0	0	6412	0	6412
chr20	17438980	0	0	7414	0	7414
chr20	17438999	0	0	0	7572	7572
chr20	17439070	0	6042	0	0	6042
chr20	32436288	0	0	7413	0	7413
chr20	37048217	0	7082	0	0	7082
chr20	42445130	2	0	6763	0	6765
chr20	43031194	0	7158	0	0	7158
chr20	46026997	0	0	7184	0	7184
chr21	32724643	0	1415	0	1688	3103
chr21	34859490	0	6204	0	0	6204
chr21	34859553	6121	0	0	0	6121
chr22	23146855	5822	0	0	0	5822
chr22	28688034	0	0	0	4145	4145
chr22	28688046	3796	0	3	0	3799
chr22	28688052	3	0	3572	0	3575
chr22	28689180	0	1950	2	0	1952
chr22	28725419	0	0	5065	0	5065
chr22	32446726	6847	0	0	0	6847
chr22	32446740	0	0	6843	0	6843
chr22	36632626	0	0	0	6187	6187
chr22	39588816	0	7051	0	0	7051
chr22	50177597	0	6767	0	0	6767
chr3	38284876	0	7431	0	0	7431
chr3	79767107	0	6734	0	0	6734
chr3	79767140	0	6949	0	0	6949
chr3	79767230	0	5	5954	0	5959
chr3	107382367	0	6257	0	0	6257
chr3	124684464	0	6956	0	0	6956
chr3	140454513	0	6607	0	1	6608
chr3	140454553	0	6183	0	0	6183
chr3	156415908	0	7246	0	0	7246
chr3	156415922	0	0	7570	0	7570
chr3	156415939	0	7516	0	0	7516
chr3	156415978	0	0	7427	0	7427
chr3	156497283	0	0	6423	0	6423
chr3	177567399	0	0	5219	3	5222
chr3	192811948	0	6381	0	0	6381
chr4	6459138	0	0	0	7264	7264
chr4	6459192	0	0	5867	0	5867
chr4	20521698	0	6096	0	0	6096
chr4	54733224	0	5055	0	0	5055
chr4	54733249	0	0	4352	0	4352
chr4	94932782	0	0	5098	0	5098
chr4	105236024	0	0	0	7111	7111
chr4	105236078	7219	0	0	0	7219
chr4	105237032	0	0	7132	0	7132
chr4	105276183	0	0	7106	0	7106
chr4	117369074	0	0	3943	0	3943
chr4	136881982	4635	0	0	0	4635
chr4	139722579	5833	0	0	0	5833
chr4	171825422	6257	0	5	0	6262
chr4	171825435	0	0	0	6227	6227
chr4	173533477	0	6526	0	0	6526
chr4	177840335	0	0	6095	0	6095
chr5	7476066	0	0	5209	0	5209
chr5	9516788	0	6668	0	0	6668
chr5	9516855	0	0	7009	0	7009
chr5	16081009	0	6834	0	1	6835
chr5	16081075	0	6281	0	0	6281
chr5	16799232	0	1	0	6001	6002
chr5	27027009	0	0	4530	0	4530
chr5	35909613	0	0	0	5769	5769
chr5	45580051	0	6321	0	0	6321
chr5	45580094	0	0	0	5131	5131
chr5	61368607	0	0	0	6243	6243
chr5	83179950	0	0	6125	0	6125
chr5	111118182	0	0	0	6648	6648
chr5	167685548	0	0	6145	0	6145
chr5	167685596	3	0	5758	0	5761
chr6	39208712	7249	0	0	0	7249
chr6	42424840	0	2988	0	2621	5609
chr6	150236294	2	0	6585	0	6587
chr6	150236320	0	0	6037	0	6037
chr6	151284044	0	0	7279	0	7279
chr6	156879789	2888	0	3154	0	6042
chr7	3517258	0	4214	0	0	4214
chr7	3884930	0	7112	0	0	7112
chr7	18892675	1	0	5762	0	5763
chr7	21816505	0	6671	0	0	6671
chr7	42022250	0	6278	0	0	6278
chr7	44239158	0	6990	0	1	6991
chr7	89114067	4	0	3643	0	3647
chr7	102898068	4198	0	4	0	4202
chr7	114443108	0	0	5934	0	5934
chr7	134248238	0	6157	0	0	6157
chr7	137819930	0	0	6357	0	6357
chr7	148807726	3966	0	4	0	3970
chr7	148809271	0	0	2976	3231	6207
chr7	148809309	0	6060	0	0	6060
chr7	148810480	5892	0	1	0	5893
chr7	158031030	0	6900	0	0	6900
chr8	3088396	5736	0	0	0	5736
chr8	3088430	6161	0	0	0	6161
chr8	3172382	4	0	5567	0	5571
chr8	3172445	0	0	6586	0	6586
chr8	3172474	1	0	6217	0	6218
chr8	3721907	0	0	0	6606	6606
chr8	3721951	0	6744	0	0	6744
chr8	3721952	0	0	6577	0	6577
chr8	18185701	0	0	0	3968	3968
chr8	18185781	0	2662	0	0	2662
chr8	41850874	0	0	7205	0	7205
chr8	41850923	0	0	7211	0	7211
chr8	50190585	0	0	0	3958	3958
chr8	113312929	0	0	3983	0	3983
chr8	113401454	0	4244	0	0	4244
chr8	116852527	0	0	5003	0	5003
chr8	116852533	0	0	0	5072	5072
chr8	116852728	0	0	1940	0	1940
chr8	116854470	0	0	0	5620	5620
chr8	116856616	0	5312	0	0	5312
chr8	116861772	0	3142	0	0	3142
chr8	119785952	0	4376	0	0	4376
chr8	139698382	0	0	6245	0	6245
chr9	9252386	0	0	6424	0	6424
chr9	9555461	0	4221	0	0	4221
chr9	9555526	5597	0	0	0	5597
chr9	83971681	1	0	5222	0	5223
chr9	83971758	0	0	5152	0	5152
chr9	83977111	2949	0	1	0	2950
chr9	83977823	0	0	6050	0	6050
chr9	106598130	0	3893	0	0	3893
chr9	128395067	0	6828	0	0	6828
chrX	12288714	0	0	5554	0	5554
chrX	12288772	0	0	6283	0	6283
chrX	29747856	0	4859	0	0	4859
chrX	29747945	0	0	5722	0	5722
chrX	40053881	0	7074	0	1	7075
chrX	40053900	0	0	0	7347	7347
chrX	40062411	6807	0	0	1	6808
chrX	40062413	0	6592	0	3	6595
chrX	40062682	0	0	7305	0	7305
chrX	40073147	0	7277	0	0	7277
chrX	40073654	0	3587	0	3800	7387
chrX	40074338	0	7235	0	0	7235
chrX	40074386	0	7399	0	0	7399
chrX	40075199	0	0	0	6021	6021
chrX	40077879	0	0	7056	0	7056
chrX	53399756	0	4873	0	0	4873
chrX	53409301	0	0	0	6088	6088
chrX	104593414	0	0	5872	0	5872
chrX	109378421	0	0	0	6290	6290
chrX	124061735	0	1229	0	0	1229
chrX	124063096	0	0	3383	0	3383
chrX	133881117	0	0	5559	0	5559
chrX	133881267	0	5390	0	0	5390
chrX	155099293	0	0	5479	0	5479
