#CHR	POS	Count_A	Count_C	Count_G	Count_T	Good_depth
chr1	1815818	0	9501	0	0	9501
chr1	8653318	9	0	0	5159	5168
chr1	20167244	0	7372	0	2	7374
chr1	20167324	4120	0	4478	0	8598
chr1	33876224	0	0	8370	0	8370
chr1	57542614	4143	3769	0	0	7912
chr1	75159324	6882	0	0	0	6882
chr1	80630582	0	6667	0	0	6667
chr1	80630603	0	0	6120	0	6120
chr1	103051998	0	6243	0	0	6243
chr1	175508637	0	8350	0	0	8350
chr1	184975264	0	8216	0	1	8217
chr1	184975334	0	8216	0	0	8216
chr1	190098243	7976	0	0	0	7976
chr1	190098282	0	0	0	8151	8151
chr1	190098591	0	0	8020	0	8020
chr1	190098939	0	0	7336	0	7336
chr1	190098984	0	0	7396	0	7396
chr1	190099008	0	7480	0	0	7480
chr1	190099032	0	7278	0	0	7278
chr1	190099044	0	7200	0	0	7200
chr1	190099080	0	0	6548	0	6548
chr1	190099212	0	4466	0	0	4466
chr1	190281556	0	0	6532	0	6532
chr1	190281684	0	7286	0	0	7286
chr1	229465267	0	5892	0	0	5892
chr1	229465351	0	7326	0	0	7326
chr10	25270158	0	19	0	7162	7181
chr10	35131703	5986	0	0	0	5986
chr10	62664688	0	0	8639	0	8639
chr10	62664778	0	6758	0	0	6758
chr10	75988441	0	0	7391	0	7391
chr10	87933321	0	0	4023	0	4023
chr10	110581852	0	0	4110	0	4110
chr10	119277962	0	0	8512	0	8512
chr10	122272127	0	3985	0	4272	8257
chr11	9060379	0	3775	0	3605	7380
chr11	12452833	0	8282	0	0	8282
chr11	16448702	0	0	6340	0	6340
chr11	17742337	3927	0	0	0	3927
chr11	32392787	0	0	5992	0	5992
chr11	32396144	5655	0	0	0	5655
chr11	32396399	0	0	0	8409	8409
chr11	32396416	8380	0	0	0	8380
chr11	34495982	0	0	8857	0	8857
chr11	36153743	0	3234	0	2859	6093
chr11	36153766	7069	0	0	0	7069
chr11	61104601	8595	0	0	0	8595
chr11	61104628	0	0	8936	0	8936
chr11	72657733	0	9148	0	0	9148
chr11	82358712	0	0	0	4099	4099
chr11	82358771	4246	0	0	5	4251
chr11	99206526	0	6491	0	0	6491
chr11	99206616	6304	0	0	0	6304
chr11	99568750	0	0	4436	0	4436
chr11	99568754	0	0	4611	0	4611
chr11	108229136	0	0	3534	0	3534
chr11	108245051	0	0	5324	0	5324
chr11	108245084	4428	0	0	0	4428
chr11	108247163	0	6260	0	0	6260
chr11	108248903	0	0	1675	0	1675
chr11	108272618	0	0	7676	0	7676
chr11	108293534	4995	0	0	0	4995
chr11	108294907	0	0	5763	0	5763
chr11	108294944	0	7521	0	0	7521
chr11	108299649	4410	0	0	0	4410
chr11	108315981	0	7877	0	0	7877
chr11	108316068	0	8366	0	0	8366
chr11	108325269	0	1167	0	0	1167
chr11	108347366	0	0	6850	0	6850
chr11	131690353	0	8891	0	8	8899
chr11	132079459	0	8199	0	15	8214
chr12	25159938	0	0	0	2869	2869
chr12	26645162	0	0	0	8073	8073
chr12	79117344	0	0	7094	0	7094
chr12	80593442	12	6361	0	0	6373
chr12	80593453	0	0	6457	0	6457
chr12	109763658	0	0	8652	0	8652
chr12	109763732	0	0	8365	0	8365
chr12	125618336	0	0	8198	0	8198
chr12	131030691	0	0	8844	0	8844
chr12	131030749	0	0	9099	0	9099
chr12	131030808	0	8478	0	0	8478
chr13	28018409	0	0	0	5951	5951
chr13	29381579	0	5689	0	0	5689
chr13	42036066	0	0	4210	0	4210
chr13	42036103	0	0	5628	0	5628
chr13	42036182	4772	0	2	0	4774
chr13	60439455	2514	0	3304	0	5818
chr13	60439481	0	0	3457	2704	6161
chr13	85427587	0	6	0	6837	6843
chr13	101837480	0	0	4733	0	4733
chr13	107545680	0	8256	0	0	8256
chr13	107545683	0	8404	0	0	8404
chr13	107545767	0	7029	0	0	7029
chr14	38902662	0	7483	0	0	7483
chr14	67543416	0	0	5846	0	5846
chr14	76153957	0	15	0	7473	7488
chr14	99815833	3741	0	4067	0	7808
chr14	99815847	3867	0	4080	0	7947
chr15	27163121	0	4275	0	3883	8158
chr15	27791784	6685	0	0	0	6685
chr15	39607817	0	0	0	4826	4826
chr15	39607855	0	0	3772	0	3772
chr15	44013752	0	0	4201	0	4201
chr15	80115617	0	0	5695	0	5695
chr16	6034567	0	0	6032	0	6032
chr16	6379472	4809	0	0	0	4809
chr16	6379495	0	0	2	5722	5724
chr16	6379558	9	0	6284	0	6293
chr16	9910458	3233	0	0	0	3233
chr16	9910537	0	918	0	0	918
chr16	15724284	4350	4181	0	0	8531
chr16	52568387	0	6403	0	0	6403
chr16	57370452	0	0	7153	0	7153
chr16	67612169	0	8300	0	0	8300
chr16	67616739	0	8866	0	0	8866
chr16	67616833	0	8598	0	0	8598
chr16	67626474	0	0	1151	0	1151
chr16	67628501	0	8839	0	0	8839
chr16	73386115	0	0	0	7363	7363
chr17	5834703	0	7829	0	0	7829
chr17	7669642	0	0	7770	0	7770
chr17	7673334	0	6271	0	0	6271
chr17	12621539	4707	0	0	0	4707
chr17	12621553	4991	0	0	0	4991
chr17	12621560	5316	0	0	0	5316
chr17	12621561	0	0	0	5348	5348
chr17	12621573	0	5496	0	0	5496
chr17	12621581	0	0	5711	0	5711
chr17	12621616	0	0	0	6063	6063
chr17	12621644	5421	0	0	0	5421
chr17	12621670	0	4482	0	0	4482
chr17	33287759	0	0	0	8068	8068
chr17	33287852	0	8715	0	0	8715
chr17	51067614	0	0	7277	0	7277
chr17	53823336	0	0	8096	0	8096
chr17	60656634	0	0	7579	0	7579
chr17	76737017	0	0	7810	0	7810
chr18	4193945	4173	0	0	0	4173
chr18	7579194	0	3381	0	3165	6546
chr18	7579277	7687	0	0	0	7687
chr18	7579294	7328	0	0	0	7328
chr18	27125186	0	0	4806	0	4806
chr18	32968861	0	0	0	4328	4328
chr18	35001079	0	0	5686	0	5686
chr18	50593212	12	0	8261	0	8273
chr18	58968498	0	0	0	8619	8619
chr18	58968538	0	8398	0	0	8398
chr18	62527782	0	0	6587	8	6595
chr18	69764027	0	8141	0	13	8154
chr18	74666435	0	4505	0	4242	8747
chr19	29509552	0	9197	0	0	9197
chr19	30530958	0	0	8706	0	8706
chr19	30530988	0	8752	0	0	8752
chr19	32773283	0	8281	0	0	8281
chr19	33301659	2821	2532	0	0	5353
chr19	33301722	0	2222	2221	0	4443
chr19	33302244	0	6453	0	0	6453
chr19	44782295	0	7310	0	0	7310
chr2	1154666	7001	0	0	0	7001
chr2	1742901	0	0	7875	0	7875
chr2	1742960	0	0	0	8058	8058
chr2	10406422	0	0	8714	0	8714
chr2	10406468	0	8962	0	0	8962
chr2	10406503	0	0	8957	0	8957
chr2	15329045	0	2352	0	2830	5182
chr2	15329122	0	0	0	7596	7596
chr2	25235677	0	7143	0	0	7143
chr2	25236935	0	8297	0	0	8297
chr2	25237072	0	7241	0	0	7241
chr2	25240614	1	0	7848	0	7849
chr2	25244019	0	0	8210	0	8210
chr2	25245214	0	0	8612	0	8612
chr2	25246633	0	8732	0	0	8732
chr2	25246787	8734	0	0	0	8734
chr2	25247044	0	8500	0	0	8500
chr2	25247639	8861	0	0	0	8861
chr2	25247790	0	0	8358	0	8358
chr2	26629636	0	0	8184	0	8184
chr2	98389058	18	0	9145	0	9163
chr2	132582244	0	0	7551	0	7551
chr2	133060506	0	0	5702	0	5702
chr2	145061824	7173	0	0	0	7173
chr2	162614954	3606	0	0	0	3606
chr2	162614972	4228	0	0	0	4228
chr2	162615021	0	5382	0	0	5382
chr2	173947911	0	13	0	7760	7773
chr20	83148	0	0	8084	0	8084
chr20	83158	0	4050	0	3624	7674
chr20	14300177	0	6039	0	0	6039
chr20	14300230	0	0	7441	0	7441
chr20	17433202	0	7712	0	0	7712
chr20	17433203	15	0	7587	0	7602
chr20	17438980	0	0	8596	0	8596
chr20	17438999	0	17	0	8875	8892
chr20	17439070	0	7038	0	0	7038
chr20	32436288	0	0	8596	0	8596
chr20	37048217	0	8625	0	0	8625
chr20	42445130	0	0	7990	0	7990
chr20	43031194	0	8743	0	0	8743
chr20	46026997	0	0	8482	0	8482
chr21	32724643	0	1483	0	1736	3219
chr21	34859490	0	6993	0	0	6993
chr21	34859553	7018	0	0	0	7018
chr22	23146855	2	0	7127	0	7129
chr22	28688034	0	0	0	4536	4536
chr22	28688046	4136	0	0	0	4136
chr22	28688052	0	0	3876	0	3876
chr22	28689180	0	1448	0	0	1448
chr22	28725419	0	0	5971	0	5971
chr22	32446726	8151	0	6	0	8157
chr22	32446740	0	0	8134	0	8134
chr22	36632626	0	0	0	7531	7531
chr22	39588816	0	8688	0	0	8688
chr22	50177597	0	8545	0	0	8545
chr3	38284876	0	8881	0	0	8881
chr3	79767107	0	8057	0	0	8057
chr3	79767140	0	4214	0	3986	8200
chr3	79767230	0	3341	3702	0	7043
chr3	107382367	0	7356	0	0	7356
chr3	124684464	0	8324	0	18	8342
chr3	140454513	0	7808	0	0	7808
chr3	140454553	0	7157	0	0	7157
chr3	156415908	0	8478	0	0	8478
chr3	156415922	0	0	8838	0	8838
chr3	156415939	0	8939	0	0	8939
chr3	156415978	0	0	8742	0	8742
chr3	156497283	0	0	7921	0	7921
chr3	177567399	0	0	6202	0	6202
chr3	192811948	0	7288	0	0	7288
chr4	6459138	0	0	0	8510	8510
chr4	6459192	0	0	6787	0	6787
chr4	20521698	0	7733	0	17	7750
chr4	54733224	0	5557	0	0	5557
chr4	54733249	0	0	4687	0	4687
chr4	94932782	0	0	5865	0	5865
chr4	105236024	0	0	0	8108	8108
chr4	105236078	8299	0	0	0	8299
chr4	105237032	3990	0	4195	0	8185
chr4	105276183	0	0	8212	0	8212
chr4	117369074	0	0	3846	0	3846
chr4	136881982	5578	0	0	0	5578
chr4	139722579	6727	0	11	0	6738
chr4	171825422	7298	0	0	0	7298
chr4	171825435	0	20	0	7178	7198
chr4	173533477	0	7854	0	0	7854
chr4	177840335	0	0	7293	0	7293
chr5	7476066	1	0	6037	0	6038
chr5	9516788	0	8100	0	0	8100
chr5	9516855	0	0	8469	0	8469
chr5	16081009	0	8319	0	0	8319
chr5	16081075	0	7561	0	0	7561
chr5	16799232	0	0	0	7203	7203
chr5	27027009	0	0	5671	0	5671
chr5	35909613	0	0	0	7101	7101
chr5	45580051	0	7372	0	0	7372
chr5	45580094	0	0	0	5989	5989
chr5	61368607	0	0	14	7482	7496
chr5	83179950	10	0	6919	0	6929
chr5	111118182	0	16	0	8076	8092
chr5	167685548	0	0	7521	0	7521
chr5	167685596	0	0	6831	0	6831
chr6	39208712	8615	0	0	0	8615
chr6	42424840	0	0	0	6215	6215
chr6	150236294	0	0	7847	0	7847
chr6	150236320	0	0	7009	0	7009
chr6	151284044	0	0	8674	0	8674
chr6	156879789	6224	0	0	0	6224
chr7	3517258	0	5029	0	0	5029
chr7	3884930	0	8729	0	0	8729
chr7	18892675	0	0	6818	0	6818
chr7	21816505	0	7855	0	15	7870
chr7	42022250	0	7696	0	0	7696
chr7	44239158	0	8436	0	0	8436
chr7	89114067	0	0	3992	0	3992
chr7	102898068	4962	0	0	0	4962
chr7	114443108	9	0	7125	0	7134
chr7	134248238	0	7360	0	0	7360
chr7	137819930	0	0	7561	0	7561
chr7	148807726	4443	0	0	0	4443
chr7	148809271	0	0	6832	0	6832
chr7	148809309	0	6793	0	0	6793
chr7	148810480	6688	0	0	0	6688
chr7	158031030	0	8258	0	0	8258
chr8	3088396	6813	0	0	0	6813
chr8	3088430	7227	0	0	0	7227
chr8	3172382	0	0	6882	0	6882
chr8	3172445	0	0	7940	0	7940
chr8	3172474	0	0	7341	0	7341
chr8	3721907	0	0	0	7613	7613
chr8	3721951	0	8202	0	0	8202
chr8	3721952	3	0	8078	0	8081
chr8	18185701	0	0	0	4510	4510
chr8	18185781	0	3041	0	0	3041
chr8	41850874	0	0	8662	0	8662
chr8	41850923	0	0	8787	0	8787
chr8	50190585	0	0	0	4637	4637
chr8	113312929	0	0	4846	0	4846
chr8	113401454	0	5167	0	0	5167
chr8	116852527	0	0	5347	0	5347
chr8	116852533	0	0	0	5420	5420
chr8	116852728	0	0	1971	0	1971
chr8	116854470	0	0	0	6299	6299
chr8	116856616	0	6358	0	0	6358
chr8	116861772	0	3438	0	2	3440
chr8	119785952	0	4699	0	0	4699
chr8	139698382	0	0	7607	0	7607
chr9	9252386	0	0	7196	0	7196
chr9	9555461	0	5080	0	0	5080
chr9	9555526	6864	0	0	0	6864
chr9	83971681	0	0	5442	0	5442
chr9	83971758	0	0	5465	0	5465
chr9	83977111	1617	0	1501	0	3118
chr9	83977823	0	0	7158	0	7158
chr9	106598130	0	4615	0	0	4615
chr9	128395067	0	8395	0	0	8395
chrX	12288714	0	0	3732	0	3732
chrX	12288772	0	0	4102	0	4102
chrX	29747856	0	2795	0	0	2795
chrX	29747945	0	0	3176	0	3176
chrX	40053881	0	4506	0	0	4506
chrX	40053900	0	0	0	4630	4630
chrX	40062411	4345	0	0	0	4345
chrX	40062413	0	4193	0	0	4193
chrX	40062682	0	0	4518	0	4518
chrX	40073147	0	4699	0	0	4699
chrX	40073654	0	4553	0	0	4553
chrX	40074338	0	4448	0	0	4448
chrX	40074386	0	4651	0	0	4651
chrX	40075199	0	0	0	3772	3772
chrX	40077879	0	0	4478	0	4478
chrX	53399756	0	3137	0	0	3137
chrX	53409301	0	0	0	4068	4068
chrX	104593414	19	0	3809	0	3828
chrX	109378421	0	0	0	3811	3811
chrX	124061735	0	1479	0	0	1479
chrX	124063096	0	0	2478	0	2478
chrX	133881117	0	0	3441	0	3441
chrX	133881267	0	3369	0	0	3369
chrX	155099293	0	0	4068	0	4068
