#CHR	POS	Count_A	Count_C	Count_G	Count_T	Good_depth
chr1	1815818	0	19512	0	0	19512
chr1	8653318	0	0	0	11708	11708
chr1	20167244	0	15512	0	0	15512
chr1	20167324	0	0	18758	0	18758
chr1	33876224	0	0	18239	0	18239
chr1	57542614	1	16783	0	0	16784
chr1	75159324	16785	0	0	0	16785
chr1	80630582	0	15870	0	0	15870
chr1	80630603	0	0	14692	0	14692
chr1	103051998	0	16041	0	0	16041
chr1	175508637	0	18016	0	0	18016
chr1	184975264	0	17720	0	0	17720
chr1	184975334	0	17580	0	0	17580
chr1	190098243	18163	0	0	0	18163
chr1	190098282	0	0	0	18499	18499
chr1	190098591	0	0	17712	0	17712
chr1	190098939	0	0	16395	0	16395
chr1	190098984	0	0	16577	0	16577
chr1	190099008	0	16834	0	0	16834
chr1	190099032	0	16509	0	0	16509
chr1	190099044	0	16555	0	0	16555
chr1	190099080	0	0	15552	0	15552
chr1	190099212	0	11502	0	0	11502
chr1	190281556	0	0	15611	0	15611
chr1	190281684	0	17161	0	0	17161
chr1	229465267	5414	7138	0	0	12552
chr1	229465351	0	17277	0	0	17277
chr10	25270158	0	0	0	16399	16399
chr10	35131703	14329	0	0	0	14329
chr10	62664688	0	0	18479	0	18479
chr10	62664778	0	14918	0	0	14918
chr10	75988441	0	0	15931	2	15933
chr10	87933321	0	0	10373	0	10373
chr10	110581852	0	0	10752	0	10752
chr10	119277962	0	0	19029	0	19029
chr10	122272127	0	8137	0	9182	17319
chr11	9060379	0	16050	0	0	16050
chr11	12452833	0	17308	0	0	17308
chr11	16448702	0	0	15082	0	15082
chr11	17742337	8396	0	0	0	8396
chr11	32392787	0	0	13878	0	13878
chr11	32396144	12291	0	0	0	12291
chr11	32396399	0	0	0	18008	18008
chr11	32396416	17698	0	0	0	17698
chr11	34495982	0	0	18027	0	18027
chr11	36153743	0	14588	0	0	14588
chr11	36153766	16200	0	0	0	16200
chr11	61104601	0	18432	0	0	18432
chr11	61104628	0	0	18317	0	18317
chr11	72657733	0	18599	0	0	18599
chr11	82358712	0	0	0	10102	10102
chr11	82358771	10502	0	0	0	10502
chr11	99206526	0	15262	0	0	15262
chr11	99206616	14877	0	0	0	14877
chr11	99568750	0	0	11325	0	11325
chr11	99568754	0	0	11758	0	11758
chr11	108229136	0	0	8698	2	8700
chr11	108245051	0	0	0	13923	13923
chr11	108245084	11289	0	0	0	11289
chr11	108247163	0	14820	0	0	14820
chr11	108248903	0	0	4167	0	4167
chr11	108272618	0	0	18916	0	18916
chr11	108293534	12260	0	0	0	12260
chr11	108294907	15594	0	0	0	15594
chr11	108294944	0	18883	0	0	18883
chr11	108299649	10854	0	0	0	10854
chr11	108315981	0	19161	0	0	19161
chr11	108316068	0	19677	0	0	19677
chr11	108325269	0	2766	0	0	2766
chr11	108347366	0	0	17409	0	17409
chr11	131690353	0	18706	0	0	18706
chr11	132079459	0	18611	0	0	18611
chr12	25159938	0	0	0	7710	7710
chr12	26645162	0	8398	0	9027	17425
chr12	79117344	0	0	16549	0	16549
chr12	80593442	0	15494	0	0	15494
chr12	80593453	0	0	15628	0	15628
chr12	109763658	0	0	17795	0	17795
chr12	109763732	0	0	17360	0	17360
chr12	125618336	0	0	17822	0	17822
chr12	131030691	0	0	17768	0	17768
chr12	131030749	0	0	18441	0	18441
chr12	131030808	0	17510	0	0	17510
chr13	28018409	0	0	0	13747	13747
chr13	29381579	0	11949	0	0	11949
chr13	42036066	0	0	9530	0	9530
chr13	42036103	0	0	12857	0	12857
chr13	42036182	10802	0	0	0	10802
chr13	60439455	0	0	14808	0	14808
chr13	60439481	0	0	0	14704	14704
chr13	85427587	0	0	0	17116	17116
chr13	101837480	0	0	11372	0	11372
chr13	107545680	0	17956	0	0	17956
chr13	107545683	0	18348	0	0	18348
chr13	107545767	0	15664	0	0	15664
chr14	38902662	0	16819	0	0	16819
chr14	67543416	0	0	12912	0	12912
chr14	76153957	0	0	0	16900	16900
chr14	99815833	0	0	18366	0	18366
chr14	99815847	8888	0	9179	0	18067
chr15	27163121	0	17630	0	0	17630
chr15	27791784	15392	0	0	0	15392
chr15	39607817	0	0	0	11220	11220
chr15	39607855	0	0	8693	0	8693
chr15	44013752	0	0	10106	0	10106
chr15	80115617	0	0	13274	2	13276
chr16	6034567	0	0	13261	0	13261
chr16	6379472	10382	0	0	0	10382
chr16	6379495	0	0	0	12341	12341
chr16	6379558	0	0	13972	0	13972
chr16	9910458	7359	0	0	0	7359
chr16	9910537	0	1780	0	0	1780
chr16	15724284	0	17051	0	0	17051
chr16	52568387	0	14934	0	0	14934
chr16	57370452	0	0	14853	0	14853
chr16	67612169	0	18854	0	0	18854
chr16	67616739	0	18741	0	0	18741
chr16	67616833	0	18647	0	0	18647
chr16	67626474	2	0	2422	0	2424
chr16	67628501	0	18637	0	0	18637
chr16	73386115	0	7585	0	8557	16142
chr17	5834703	0	17914	0	0	17914
chr17	7669642	0	0	16700	0	16700
chr17	7673334	0	13777	0	0	13777
chr17	12621539	10911	0	0	0	10911
chr17	12621553	11629	0	0	0	11629
chr17	12621560	12368	0	0	0	12368
chr17	12621561	0	0	0	12465	12465
chr17	12621573	0	12924	0	0	12924
chr17	12621581	1	0	7187	6281	13469
chr17	12621616	0	0	0	15020	15020
chr17	12621644	13258	0	0	0	13258
chr17	12621670	0	5629	0	5299	10928
chr17	33287759	16711	0	0	0	16711
chr17	33287852	0	18405	0	0	18405
chr17	51067614	0	0	16439	0	16439
chr17	53823336	1	0	16577	0	16578
chr17	60656634	0	0	16826	0	16826
chr17	76737017	0	0	13928	0	13928
chr18	4193945	9766	0	0	0	9766
chr18	7579194	0	15150	0	0	15150
chr18	7579277	17229	0	0	0	17229
chr18	7579294	16658	0	0	0	16658
chr18	27125186	0	0	12269	0	12269
chr18	32968861	0	0	0	10758	10758
chr18	35001079	0	0	12881	0	12881
chr18	50593212	0	0	18644	0	18644
chr18	58968498	0	0	0	18497	18497
chr18	58968538	0	18356	0	0	18356
chr18	62527782	0	0	15340	0	15340
chr18	69764027	0	18990	0	0	18990
chr18	74666435	0	9451	0	8688	18139
chr19	29509552	0	27762	0	0	27762
chr19	30530958	0	0	18058	0	18058
chr19	30530988	0	18100	0	0	18100
chr19	32773283	0	18732	0	0	18732
chr19	33301659	0	7053	0	0	7053
chr19	33301722	0	0	5878	0	5878
chr19	33302244	0	10604	0	0	10604
chr19	44782295	0	14297	0	0	14297
chr2	1154666	15783	0	0	0	15783
chr2	1742901	0	0	16155	0	16155
chr2	1742960	0	0	0	16307	16307
chr2	10406422	0	0	17491	0	17491
chr2	10406468	0	17867	0	0	17867
chr2	10406503	0	0	18106	0	18106
chr2	15329045	0	5235	0	6438	11673
chr2	15329122	0	0	0	16578	16578
chr2	25235677	0	7721	0	7210	14931
chr2	25236935	0	17246	0	0	17246
chr2	25237072	0	14760	0	0	14760
chr2	25240614	0	0	16778	0	16778
chr2	25244019	0	0	8137	7777	15914
chr2	25245214	0	0	17118	0	17118
chr2	25246633	0	17011	0	0	17011
chr2	25246787	16993	0	0	0	16993
chr2	25247044	0	8506	0	8252	16758
chr2	25247639	17370	0	0	0	17370
chr2	25247790	0	0	16826	0	16826
chr2	26629636	0	0	17432	0	17432
chr2	98389058	0	0	18826	0	18826
chr2	132582244	0	0	16504	0	16504
chr2	133060506	0	0	14208	0	14208
chr2	145061824	17688	0	0	0	17688
chr2	162614954	9050	0	0	0	9050
chr2	162614972	10352	0	0	0	10352
chr2	162615021	0	13073	0	0	13073
chr2	173947911	0	0	0	18113	18113
chr20	83148	0	0	17619	0	17619
chr20	83158	0	8908	0	8003	16911
chr20	14300177	0	14857	0	0	14857
chr20	14300230	0	0	18053	0	18053
chr20	17433202	0	17809	0	0	17809
chr20	17433203	0	0	17614	0	17614
chr20	17438980	0	0	17830	0	17830
chr20	17438999	0	0	0	18439	18439
chr20	17439070	0	14851	0	0	14851
chr20	32436288	0	0	17884	0	17884
chr20	37048217	0	19178	0	0	19178
chr20	42445130	0	0	18185	0	18185
chr20	43031194	0	18323	0	0	18323
chr20	46026997	0	0	18162	0	18162
chr21	32724643	0	3167	0	3838	7005
chr21	34859490	0	15290	0	0	15290
chr21	34859553	15273	0	0	0	15273
chr22	23146855	0	0	14928	0	14928
chr22	28688034	0	0	0	11152	11152
chr22	28688046	10293	0	0	0	10293
chr22	28688052	0	0	9658	0	9658
chr22	28689180	0	4793	0	0	4793
chr22	28725419	0	0	14647	0	14647
chr22	32446726	18246	0	0	0	18246
chr22	32446740	0	0	18275	0	18275
chr22	36632626	0	0	0	16259	16259
chr22	39588816	0	17761	2	0	17763
chr22	50177597	0	17163	0	0	17163
chr3	38284876	0	19178	0	0	19178
chr3	79767107	0	16663	0	0	16663
chr3	79767140	0	17222	0	0	17222
chr3	79767230	0	6801	7289	0	14090
chr3	107382367	0	18054	0	0	18054
chr3	124684464	0	17553	0	0	17553
chr3	140454513	0	17600	0	0	17600
chr3	140454553	0	16336	0	0	16336
chr3	156415908	0	18032	0	0	18032
chr3	156415922	0	0	18811	0	18811
chr3	156415939	0	18778	0	0	18778
chr3	156415978	0	0	18927	0	18927
chr3	156497283	0	0	18770	0	18770
chr3	177567399	0	0	13950	0	13950
chr3	192811948	0	17129	0	0	17129
chr4	6459138	1	0	0	18237	18238
chr4	6459192	0	0	14481	0	14481
chr4	20521698	0	18125	0	0	18125
chr4	54733224	0	13671	0	0	13671
chr4	54733249	0	0	11677	0	11677
chr4	94932782	0	0	14072	0	14072
chr4	105236024	0	0	0	18140	18140
chr4	105236078	18630	0	0	0	18630
chr4	105237032	0	0	18307	0	18307
chr4	105276183	0	0	17804	0	17804
chr4	117369074	0	0	10337	0	10337
chr4	136881982	13797	0	0	0	13797
chr4	139722579	16313	0	0	0	16313
chr4	171825422	17183	0	0	0	17183
chr4	171825435	0	0	0	17063	17063
chr4	173533477	0	16583	0	0	16583
chr4	177840335	0	0	17110	0	17110
chr5	7476066	0	0	13867	0	13867
chr5	9516788	0	17450	0	0	17450
chr5	9516855	0	0	18612	0	18612
chr5	16081009	0	18370	0	0	18370
chr5	16081075	0	16797	0	0	16797
chr5	16799232	0	0	0	16826	16826
chr5	27027009	0	0	14120	0	14120
chr5	35909613	0	0	0	17156	17156
chr5	45580051	0	17252	0	0	17252
chr5	45580094	0	0	0	14130	14130
chr5	61368607	0	0	0	18026	18026
chr5	83179950	0	0	16782	0	16782
chr5	111118182	0	0	0	18746	18746
chr5	167685548	0	0	18118	0	18118
chr5	167685596	0	0	16611	0	16611
chr6	39208712	18120	0	0	0	18120
chr6	42424840	0	0	0	13807	13807
chr6	150236294	0	0	17138	0	17138
chr6	150236320	0	0	15363	0	15363
chr6	151284044	0	0	18262	0	18262
chr6	156879789	7404	0	8278	0	15682
chr7	3517258	0	12939	0	0	12939
chr7	3884930	0	18027	0	0	18027
chr7	18892675	0	0	15906	0	15906
chr7	21816505	0	17956	0	0	17956
chr7	42022250	0	18247	0	0	18247
chr7	44239158	0	16126	0	0	16126
chr7	89114067	0	0	9601	0	9601
chr7	102898068	0	0	10163	0	10163
chr7	114443108	0	0	17495	0	17495
chr7	134248238	0	16795	0	0	16795
chr7	137819930	0	0	17182	0	17182
chr7	148807726	9903	0	0	0	9903
chr7	148809271	0	0	7945	8332	16277
chr7	148809309	0	15917	0	4	15921
chr7	148810480	15134	0	0	0	15134
chr7	158031030	0	18696	0	0	18696
chr8	3088396	15898	0	0	0	15898
chr8	3088430	16489	0	0	0	16489
chr8	3172382	0	1	15359	0	15360
chr8	3172445	0	0	17754	0	17754
chr8	3172474	0	0	16551	0	16551
chr8	3721907	0	0	0	17764	17764
chr8	3721951	0	17862	0	0	17862
chr8	3721952	0	0	17579	0	17579
chr8	18185701	0	0	0	10391	10391
chr8	18185781	0	7368	0	0	7368
chr8	41850874	0	0	18461	0	18461
chr8	41850923	0	0	18759	0	18759
chr8	50190585	0	0	0	10859	10859
chr8	113312929	0	0	11441	0	11441
chr8	113401454	0	12985	0	0	12985
chr8	116852527	0	0	13169	0	13169
chr8	116852533	0	0	0	13401	13401
chr8	116852728	0	0	4991	0	4991
chr8	116854470	0	0	0	15442	15442
chr8	116856616	0	15560	0	0	15560
chr8	116861772	0	8741	0	0	8741
chr8	119785952	0	11492	0	0	11492
chr8	139698382	2	0	15531	0	15533
chr9	9252386	2	0	16752	0	16754
chr9	9555461	0	13228	0	0	13228
chr9	9555526	17704	0	0	0	17704
chr9	83971681	0	0	12665	0	12665
chr9	83971758	0	0	12152	0	12152
chr9	83977111	7473	0	0	0	7473
chr9	83977823	0	0	16795	0	16795
chr9	106598130	0	10641	0	0	10641
chr9	128395067	0	17158	0	0	17158
chrX	12288714	0	0	8676	0	8676
chrX	12288772	0	0	9646	0	9646
chrX	29747856	0	6757	0	0	6757
chrX	29747945	0	0	7434	0	7434
chrX	40053881	0	9468	0	0	9468
chrX	40053900	0	0	0	9684	9684
chrX	40062411	8642	0	0	0	8642
chrX	40062413	0	8535	0	0	8535
chrX	40062682	0	0	9271	0	9271
chrX	40073147	0	9211	0	0	9211
chrX	40073654	0	8848	0	0	8848
chrX	40074338	0	8913	0	0	8913
chrX	40074386	0	9137	0	0	9137
chrX	40075199	0	0	0	7558	7558
chrX	40077879	0	0	9048	0	9048
chrX	53399756	0	7382	0	0	7382
chrX	53409301	0	0	0	8415	8415
chrX	104593414	0	0	8863	0	8863
chrX	109378421	0	0	0	8697	8697
chrX	124061735	0	1994	0	0	1994
chrX	124063096	0	0	6258	0	6258
chrX	133881117	0	0	8048	0	8048
chrX	133881267	0	7638	0	1	7639
chrX	155099293	0	0	6645	0	6645
