#CHR	POS	Count_A	Count_C	Count_G	Count_T	Good_depth
chr1	1815818	0	12246	0	0	12246
chr1	8653318	0	0	0	6825	6825
chr1	20167244	0	9566	0	0	9566
chr1	20167324	0	0	11492	0	11492
chr1	33876224	0	0	10929	0	10929
chr1	57542614	0	9702	0	0	9702
chr1	75159324	9268	0	0	0	9268
chr1	80630582	0	8544	0	0	8544
chr1	80630603	0	0	7843	0	7843
chr1	103051998	0	8923	0	0	8923
chr1	175508637	0	10775	0	0	10775
chr1	184975264	0	10713	0	0	10713
chr1	184975334	0	10498	0	0	10498
chr1	190098243	11056	0	0	0	11056
chr1	190098282	2	0	0	11288	11290
chr1	190098591	0	0	10626	0	10626
chr1	190098939	0	0	10081	0	10081
chr1	190098984	0	0	10021	0	10021
chr1	190099008	0	10169	0	0	10169
chr1	190099032	0	9866	0	0	9866
chr1	190099044	0	9909	0	0	9909
chr1	190099080	1	0	9232	0	9233
chr1	190099212	0	6255	0	0	6255
chr1	190281556	0	0	8976	0	8976
chr1	190281684	0	9802	0	3	9805
chr1	229465267	3160	3926	0	0	7086
chr1	229465351	0	9761	0	0	9761
chr10	25270158	0	0	0	9339	9339
chr10	35131703	8326	0	0	0	8326
chr10	62664688	0	0	10980	0	10980
chr10	62664778	0	8684	0	0	8684
chr10	75988441	0	0	9141	0	9141
chr10	87933321	0	0	5529	0	5529
chr10	110581852	0	0	5835	0	5835
chr10	119277962	0	0	10991	0	10991
chr10	122272127	0	4897	0	5493	10390
chr11	9060379	0	9907	0	0	9907
chr11	12452833	0	10700	0	0	10700
chr11	16448702	0	0	8368	0	8368
chr11	17742337	5177	0	0	0	5177
chr11	32392787	0	0	7903	0	7903
chr11	32396144	7238	0	0	0	7238
chr11	32396399	0	0	0	11074	11074
chr11	32396416	10998	0	0	0	10998
chr11	34495982	0	0	11264	0	11264
chr11	36153743	0	8488	0	0	8488
chr11	36153766	9542	0	0	0	9542
chr11	61104601	0	11719	0	0	11719
chr11	61104628	0	0	11645	0	11645
chr11	72657733	0	11562	0	0	11562
chr11	82358712	0	0	0	5387	5387
chr11	82358771	5598	0	0	0	5598
chr11	99206526	0	8502	0	0	8502
chr11	99206616	8443	0	0	0	8443
chr11	99568750	0	0	6096	0	6096
chr11	99568754	0	0	6364	0	6364
chr11	108229136	0	0	4721	0	4721
chr11	108245051	0	0	0	7764	7764
chr11	108245084	6299	0	0	0	6299
chr11	108247163	0	8505	0	0	8505
chr11	108248903	0	0	2188	0	2188
chr11	108272618	0	0	10479	0	10479
chr11	108293534	6958	0	0	0	6958
chr11	108294907	9056	0	0	0	9056
chr11	108294944	0	10998	0	0	10998
chr11	108299649	6200	0	0	0	6200
chr11	108315981	0	11216	0	0	11216
chr11	108316068	0	11621	0	0	11621
chr11	108325269	0	1531	0	0	1531
chr11	108347366	0	0	9701	0	9701
chr11	131690353	0	11271	0	0	11271
chr11	132079459	0	10633	0	0	10633
chr12	25159938	0	0	0	4075	4075
chr12	26645162	0	5099	0	5454	10553
chr12	79117344	0	0	9776	0	9776
chr12	80593442	0	8581	0	0	8581
chr12	80593453	0	0	8783	0	8783
chr12	109763658	0	0	10848	0	10848
chr12	109763732	0	0	10702	0	10702
chr12	125618336	0	0	10602	0	10602
chr12	131030691	0	0	10856	0	10856
chr12	131030749	0	0	11273	0	11273
chr12	131030808	0	10603	0	0	10603
chr13	28018409	0	0	0	7834	7834
chr13	29381579	0	6563	0	0	6563
chr13	42036066	3	0	5283	0	5286
chr13	42036103	0	0	7115	0	7115
chr13	42036182	5977	0	0	0	5977
chr13	60439455	1	0	8053	0	8054
chr13	60439481	0	0	0	7888	7888
chr13	85427587	0	0	0	9497	9497
chr13	101837480	0	0	6201	0	6201
chr13	107545680	0	10604	0	0	10604
chr13	107545683	0	10865	0	0	10865
chr13	107545767	0	9336	0	0	9336
chr14	38902662	0	10042	0	0	10042
chr14	67543416	0	0	7535	0	7535
chr14	76153957	0	0	0	9676	9676
chr14	99815833	0	0	10778	0	10778
chr14	99815847	5206	0	5412	0	10618
chr15	27163121	0	10946	0	0	10946
chr15	27791784	8583	0	0	0	8583
chr15	39607817	0	2	0	6175	6177
chr15	39607855	0	0	4885	0	4885
chr15	44013752	0	0	5719	0	5719
chr15	80115617	0	0	7595	0	7595
chr16	6034567	0	0	7529	0	7529
chr16	6379472	5968	0	0	0	5968
chr16	6379495	0	0	0	7087	7087
chr16	6379558	0	0	8067	0	8067
chr16	9910458	4088	0	0	0	4088
chr16	9910537	0	1049	0	1	1050
chr16	15724284	0	10684	0	0	10684
chr16	52568387	0	8562	0	0	8562
chr16	57370452	0	0	9058	0	9058
chr16	67612169	0	11179	0	0	11179
chr16	67616739	0	11398	0	0	11398
chr16	67616833	0	11428	0	0	11428
chr16	67626474	0	0	1421	0	1421
chr16	67628501	0	11478	0	0	11478
chr16	73386115	0	4343	0	4775	9118
chr17	5834703	0	10627	0	0	10627
chr17	7669642	0	0	9944	0	9944
chr17	7673334	0	8122	0	0	8122
chr17	12621539	6092	0	0	0	6092
chr17	12621553	6554	0	0	0	6554
chr17	12621560	6948	0	0	0	6948
chr17	12621561	0	0	0	7009	7009
chr17	12621573	0	7257	0	0	7257
chr17	12621581	0	0	4047	3451	7498
chr17	12621616	0	0	0	8329	8329
chr17	12621644	7322	0	0	0	7322
chr17	12621670	0	3208	0	2865	6073
chr17	33287759	10414	0	0	0	10414
chr17	33287852	0	11158	0	0	11158
chr17	51067614	0	0	9382	0	9382
chr17	53823336	0	0	10366	0	10366
chr17	60656634	0	0	10008	0	10008
chr17	76737017	0	0	9601	0	9601
chr18	4193945	5293	0	0	0	5293
chr18	7579194	0	8768	0	0	8768
chr18	7579277	10029	0	0	0	10029
chr18	7579294	9589	0	0	0	9589
chr18	27125186	0	0	6727	0	6727
chr18	32968861	0	0	0	5823	5823
chr18	35001079	0	0	7310	0	7310
chr18	50593212	0	0	11029	0	11029
chr18	58968498	0	0	0	11060	11060
chr18	58968538	0	10843	0	0	10843
chr18	62527782	0	0	8510	0	8510
chr18	69764027	0	10821	0	0	10821
chr18	74666435	0	5650	0	5464	11114
chr19	29509552	0	16865	0	0	16865
chr19	30530958	0	0	10895	0	10895
chr19	30530988	0	10942	0	0	10942
chr19	32773283	0	10994	0	0	10994
chr19	33301659	0	4309	0	0	4309
chr19	33301722	0	0	3281	0	3281
chr19	33302244	0	7537	0	0	7537
chr19	44782295	0	8932	0	0	8932
chr2	1154666	8941	0	0	0	8941
chr2	1742901	0	0	9947	0	9947
chr2	1742960	0	0	0	10184	10184
chr2	10406422	0	0	10912	0	10912
chr2	10406468	0	11250	0	0	11250
chr2	10406503	0	0	11310	0	11310
chr2	15329045	0	3007	0	3742	6749
chr2	15329122	0	0	0	9761	9761
chr2	25235677	0	4538	0	4079	8617
chr2	25236935	0	10353	0	0	10353
chr2	25237072	0	8549	0	2	8551
chr2	25240614	0	0	9969	0	9969
chr2	25244019	0	0	5215	4859	10074
chr2	25245214	2	0	10786	0	10788
chr2	25246633	0	10864	0	0	10864
chr2	25246787	10813	0	0	0	10813
chr2	25247044	0	5388	0	5000	10388
chr2	25247639	10957	0	0	0	10957
chr2	25247790	0	0	10219	0	10219
chr2	26629636	0	0	10497	0	10497
chr2	98389058	0	0	11451	0	11451
chr2	132582244	0	0	9567	0	9567
chr2	133060506	0	0	7849	0	7849
chr2	145061824	9956	0	0	0	9956
chr2	162614954	4916	0	0	0	4916
chr2	162614972	5677	0	0	0	5677
chr2	162615021	0	7115	0	0	7115
chr2	173947911	0	0	0	10745	10745
chr20	83148	0	0	11185	0	11185
chr20	83158	0	5548	0	5194	10742
chr20	14300177	0	8473	0	0	8473
chr20	14300230	0	0	10224	0	10224
chr20	17433202	0	10263	0	0	10263
chr20	17433203	0	0	10147	0	10147
chr20	17438980	0	0	10885	0	10885
chr20	17438999	0	0	0	11243	11243
chr20	17439070	0	8922	0	0	8922
chr20	32436288	0	0	11146	0	11146
chr20	37048217	0	11429	0	0	11429
chr20	42445130	0	0	10480	0	10480
chr20	43031194	0	11262	0	0	11262
chr20	46026997	0	0	10773	0	10773
chr21	32724643	0	1667	0	2044	3711
chr21	34859490	0	8910	0	0	8910
chr21	34859553	8816	0	0	0	8816
chr22	23146855	0	0	9149	0	9149
chr22	28688034	0	0	0	6497	6497
chr22	28688046	5970	0	0	0	5970
chr22	28688052	0	0	5547	0	5547
chr22	28689180	0	2402	0	0	2402
chr22	28725419	0	0	8358	0	8358
chr22	32446726	10651	0	0	0	10651
chr22	32446740	0	0	10652	3	10655
chr22	36632626	0	0	0	9312	9312
chr22	39588816	0	10917	0	0	10917
chr22	50177597	0	10856	0	0	10856
chr3	38284876	0	11424	0	0	11424
chr3	79767107	0	10403	0	0	10403
chr3	79767140	0	10850	0	0	10850
chr3	79767230	0	4337	4566	0	8903
chr3	107382367	0	10226	0	0	10226
chr3	124684464	0	10742	0	0	10742
chr3	140454513	0	10349	0	0	10349
chr3	140454553	0	9595	0	0	9595
chr3	156415908	0	11041	0	0	11041
chr3	156415922	0	0	11610	2	11612
chr3	156415939	0	11582	0	0	11582
chr3	156415978	0	0	11308	0	11308
chr3	156497283	0	0	10776	0	10776
chr3	177567399	0	0	8148	0	8148
chr3	192811948	0	9641	0	0	9641
chr4	6459138	2	0	0	10959	10961
chr4	6459192	0	0	8675	0	8675
chr4	20521698	0	10569	0	0	10569
chr4	54733224	0	7569	0	0	7569
chr4	54733249	0	0	6413	0	6413
chr4	94932782	0	0	7884	0	7884
chr4	105236024	0	0	0	10929	10929
chr4	105236078	11123	0	0	0	11123
chr4	105237032	0	0	10999	0	10999
chr4	105276183	0	0	10877	0	10877
chr4	117369074	0	0	5746	0	5746
chr4	136881982	7827	0	0	0	7827
chr4	139722579	9150	0	0	0	9150
chr4	171825422	9656	0	0	0	9656
chr4	171825435	0	0	0	9605	9605
chr4	173533477	0	9841	0	0	9841
chr4	177840335	0	0	9806	0	9806
chr5	7476066	0	0	7775	0	7775
chr5	9516788	0	10155	0	0	10155
chr5	9516855	0	0	10852	0	10852
chr5	16081009	0	10712	0	0	10712
chr5	16081075	0	9741	0	0	9741
chr5	16799232	0	0	0	9569	9569
chr5	27027009	0	0	7786	0	7786
chr5	35909613	0	0	0	9416	9416
chr5	45580051	0	9904	0	0	9904
chr5	45580094	0	1	0	7932	7933
chr5	61368607	0	0	0	10205	10205
chr5	83179950	0	0	9473	0	9473
chr5	111118182	0	0	0	10927	10927
chr5	167685548	0	0	10148	0	10148
chr5	167685596	0	0	9221	0	9221
chr6	39208712	11162	0	0	0	11162
chr6	42424840	0	1	0	8001	8002
chr6	150236294	0	0	10094	0	10094
chr6	150236320	0	0	8973	0	8973
chr6	151284044	0	0	11151	0	11151
chr6	156879789	4369	0	4938	0	9307
chr7	3517258	0	7104	0	0	7104
chr7	3884930	0	11197	0	0	11197
chr7	18892675	0	0	8975	0	8975
chr7	21816505	0	10340	0	0	10340
chr7	42022250	0	10370	0	0	10370
chr7	44239158	0	10048	0	0	10048
chr7	89114067	0	0	5237	0	5237
chr7	102898068	0	0	5548	0	5548
chr7	114443108	0	0	9893	0	9893
chr7	134248238	0	9746	0	0	9746
chr7	137819930	0	0	9898	0	9898
chr7	148807726	5680	0	0	0	5680
chr7	148809271	0	0	4471	4862	9333
chr7	148809309	0	9059	0	0	9059
chr7	148810480	8965	0	0	0	8965
chr7	158031030	0	10982	0	0	10982
chr8	3088396	9307	0	0	0	9307
chr8	3088430	9660	0	0	0	9660
chr8	3172382	0	0	9095	0	9095
chr8	3172445	0	0	10564	0	10564
chr8	3172474	0	0	9870	0	9870
chr8	3721907	0	0	0	10462	10462
chr8	3721951	0	10813	0	0	10813
chr8	3721952	0	0	10598	0	10598
chr8	18185701	0	0	0	5669	5669
chr8	18185781	0	4045	0	0	4045
chr8	41850874	0	0	11228	0	11228
chr8	41850923	0	0	11357	0	11357
chr8	50190585	0	0	0	6053	6053
chr8	113312929	0	0	6068	0	6068
chr8	113401454	0	7091	0	0	7091
chr8	116852527	0	0	7617	0	7617
chr8	116852533	0	0	0	7723	7723
chr8	116852728	0	0	2496	0	2496
chr8	116854470	0	0	0	8625	8625
chr8	116856616	0	8583	0	0	8583
chr8	116861772	0	4605	0	0	4605
chr8	119785952	0	6393	0	0	6393
chr8	139698382	0	0	9666	0	9666
chr9	9252386	0	0	9530	0	9530
chr9	9555461	0	7132	0	0	7132
chr9	9555526	9555	0	0	0	9555
chr9	83971681	0	0	6878	0	6878
chr9	83971758	0	0	6514	1	6515
chr9	83977111	4047	0	1	0	4048
chr9	83977823	0	0	9572	0	9572
chr9	106598130	0	6006	0	0	6006
chr9	128395067	0	10463	0	0	10463
chrX	12288714	0	0	4968	0	4968
chrX	12288772	0	0	5578	0	5578
chrX	29747856	0	3849	0	0	3849
chrX	29747945	0	0	4295	0	4295
chrX	40053881	0	5738	0	0	5738
chrX	40053900	0	0	0	5931	5931
chrX	40062411	5256	0	0	0	5256
chrX	40062413	0	5056	0	0	5056
chrX	40062682	0	0	5642	0	5642
chrX	40073147	0	5823	0	0	5823
chrX	40073654	0	5482	0	0	5482
chrX	40074338	0	5750	0	0	5750
chrX	40074386	0	5939	0	0	5939
chrX	40075199	0	0	0	4675	4675
chrX	40077879	0	0	5618	0	5618
chrX	53399756	0	4309	0	0	4309
chrX	53409301	0	0	0	5172	5172
chrX	104593414	0	0	5085	0	5085
chrX	109378421	0	0	0	5196	5196
chrX	124061735	0	1138	0	0	1138
chrX	124063096	0	0	3401	0	3401
chrX	133881117	0	0	4629	0	4629
chrX	133881267	0	4409	0	0	4409
chrX	155099293	0	0	4058	0	4058
