#CHR	POS	Count_A	Count_C	Count_G	Count_T	Good_depth
chr1	1815818	0	20044	0	0	20044
chr1	8653318	0	0	0	6675	6675
chr1	20167244	0	13255	0	0	13255
chr1	20167324	0	0	16029	0	16029
chr1	33876224	0	0	13898	0	13898
chr1	57542614	0	11872	0	0	11872
chr1	75159324	12978	0	0	0	12978
chr1	80630582	0	8299	0	0	8299
chr1	80630603	0	0	7353	0	7353
chr1	103051998	0	11192	0	0	11192
chr1	175508637	0	17063	0	0	17063
chr1	184975264	0	13711	0	0	13711
chr1	184975334	0	13759	0	0	13759
chr1	190098243	18787	0	0	0	18787
chr1	190098282	0	0	0	19300	19300
chr1	190098591	0	0	17346	0	17346
chr1	190098939	0	0	16407	0	16407
chr1	190098984	1	0	15872	0	15873
chr1	190099008	0	15943	0	0	15943
chr1	190099032	0	15051	0	1	15052
chr1	190099044	0	14742	0	0	14742
chr1	190099080	0	0	13288	0	13288
chr1	190099212	0	7297	0	0	7297
chr1	190281556	0	0	10345	0	10345
chr1	190281684	0	13452	0	0	13452
chr1	229465267	0	8020	0	0	8020
chr1	229465351	0	10352	0	0	10352
chr10	25270158	0	0	0	10669	10669
chr10	35131703	8556	0	0	0	8556
chr10	62664688	0	0	16160	0	16160
chr10	62664778	0	11996	0	0	11996
chr10	75988441	0	0	13906	0	13906
chr10	87933321	0	0	5536	0	5536
chr10	110581852	0	0	7194	0	7194
chr10	119277962	0	0	15819	0	15819
chr10	122272127	0	0	0	15926	15926
chr11	9060379	0	13846	0	0	13846
chr11	12452833	0	16621	1	0	16622
chr11	16448702	0	0	9337	0	9337
chr11	17742337	7706	0	0	0	7706
chr11	32392787	0	0	9903	0	9903
chr11	32396144	7694	0	0	0	7694
chr11	32396399	0	0	0	15418	15418
chr11	32396416	14439	0	0	0	14439
chr11	34495982	0	0	17377	0	17377
chr11	36153743	0	6089	0	4205	10294
chr11	36153766	11576	0	0	0	11576
chr11	61104601	7762	8678	0	0	16440
chr11	61104628	0	0	16834	0	16834
chr11	72657733	0	17048	0	0	17048
chr11	82358712	0	0	0	4552	4552
chr11	82358771	4629	0	0	0	4629
chr11	99206526	0	9686	0	0	9686
chr11	99206616	10191	0	0	0	10191
chr11	99568750	0	0	6980	0	6980
chr11	99568754	0	0	7344	0	7344
chr11	108229136	0	0	4725	0	4725
chr11	108245051	0	0	0	11157	11157
chr11	108245084	8988	0	0	0	8988
chr11	108247163	0	12045	0	0	12045
chr11	108248903	0	0	1787	0	1787
chr11	108272618	0	0	19153	0	19153
chr11	108293534	10305	0	0	0	10305
chr11	108294907	13003	0	0	0	13003
chr11	108294944	0	16971	0	0	16971
chr11	108299649	7317	0	0	0	7317
chr11	108315981	0	20138	0	0	20138
chr11	108316068	0	20468	0	0	20468
chr11	108325269	0	1543	0	0	1543
chr11	108347366	0	0	15306	0	15306
chr11	131690353	0	18145	0	0	18145
chr11	132079459	0	13894	0	0	13894
chr12	25159938	0	0	0	3586	3586
chr12	26645162	0	11776	0	0	11776
chr12	79117344	0	0	14573	0	14573
chr12	80593442	0	8582	0	0	8582
chr12	80593453	0	0	8746	0	8746
chr12	109763658	0	0	14563	0	14563
chr12	109763732	0	0	14082	0	14082
chr12	125618336	0	0	15838	2	15840
chr12	131030691	0	0	16229	0	16229
chr12	131030749	0	0	16591	0	16591
chr12	131030808	0	14060	0	0	14060
chr13	28018409	0	0	0	7924	7924
chr13	29381579	0	6470	0	0	6470
chr13	42036066	0	0	4915	0	4915
chr13	42036103	0	0	6475	0	6475
chr13	42036182	5501	0	0	0	5501
chr13	60439455	0	0	8712	0	8712
chr13	60439481	0	0	9195	0	9195
chr13	85427587	0	0	0	10913	10913
chr13	101837480	0	0	6593	0	6593
chr13	107545680	0	16560	0	0	16560
chr13	107545683	0	16823	0	0	16823
chr13	107545767	0	13290	0	0	13290
chr14	38902662	0	13937	0	0	13937
chr14	67543416	0	0	8078	0	8078
chr14	76153957	0	0	0	10244	10244
chr14	99815833	0	0	16068	0	16068
chr14	99815847	7490	0	7984	0	15474
chr15	27163121	0	17428	0	0	17428
chr15	27791784	7040	0	0	0	7040
chr15	39607817	0	0	0	5182	5182
chr15	39607855	0	0	4076	0	4076
chr15	44013752	0	0	6485	0	6485
chr15	80115617	0	0	8846	0	8846
chr16	6034567	0	0	9298	0	9298
chr16	6379472	6460	0	0	0	6460
chr16	6379495	0	0	0	8551	8551
chr16	6379558	0	0	10356	0	10356
chr16	9910458	2465	0	0	0	2465
chr16	9910537	0	547	0	0	547
chr16	15724284	14731	0	0	0	14731
chr16	52568387	0	9394	0	0	9394
chr16	57370452	0	0	12638	0	12638
chr16	67612169	0	18457	0	0	18457
chr16	67616739	0	19088	0	0	19088
chr16	67616833	0	19267	0	0	19267
chr16	67626474	0	0	1391	0	1391
chr16	67628501	0	17019	0	0	17019
chr16	73386115	0	0	0	12183	12183
chr17	5834703	0	15857	0	0	15857
chr17	7669642	0	0	12346	0	12346
chr17	7673334	0	11828	0	0	11828
chr17	12621539	3742	0	2250	0	5992
chr17	12621553	6816	0	0	0	6816
chr17	12621560	7388	0	0	0	7388
chr17	12621561	0	0	0	7624	7624
chr17	12621573	0	7503	0	0	7503
chr17	12621581	1	0	8213	0	8214
chr17	12621616	0	0	0	8888	8888
chr17	12621644	7595	0	0	0	7595
chr17	12621670	0	6169	0	0	6169
chr17	33287759	14342	0	0	0	14342
chr17	33287852	0	16981	0	0	16981
chr17	51067614	0	0	11011	0	11011
chr17	53823336	0	0	16909	0	16909
chr17	60656634	0	0	15266	0	15266
chr17	76737017	12226	0	1	0	12227
chr18	4193945	5086	0	0	0	5086
chr18	7579194	0	8908	0	0	8908
chr18	7579277	11227	0	0	0	11227
chr18	7579294	10679	0	0	0	10679
chr18	27125186	0	0	5409	0	5409
chr18	32968861	0	0	0	4623	4623
chr18	35001079	0	0	6217	0	6217
chr18	50593212	0	0	15053	0	15053
chr18	58968498	0	0	0	16399	16399
chr18	58968538	2	15952	0	0	15954
chr18	62527782	0	0	8005	0	8005
chr18	69764027	0	15227	0	0	15227
chr18	74666435	0	8776	0	8021	16797
chr19	29509552	0	19466	0	0	19466
chr19	30530958	0	0	17828	0	17828
chr19	30530988	0	18372	0	0	18372
chr19	32773283	0	16319	0	0	16319
chr19	33301659	0	6724	0	0	6724
chr19	33301722	0	0	5378	0	5378
chr19	33302244	0	9330	0	0	9330
chr19	44782295	0	13407	0	0	13407
chr2	1154666	9850	0	0	0	9850
chr2	1742901	0	0	14352	0	14352
chr2	1742960	0	0	0	14494	14494
chr2	10406422	0	0	15180	0	15180
chr2	10406468	0	16081	0	0	16081
chr2	10406503	0	0	15944	0	15944
chr2	15329045	0	0	0	7627	7627
chr2	15329122	0	0	0	10959	10959
chr2	25235677	0	9668	0	0	9668
chr2	25236935	0	13501	0	0	13501
chr2	25237072	0	9798	0	0	9798
chr2	25240614	5803	0	6675	0	12478
chr2	25244019	0	0	7590	7327	14917
chr2	25245214	0	0	15780	0	15780
chr2	25246633	0	8021	0	7551	15572
chr2	25246787	15732	0	0	0	15732
chr2	25247044	0	7650	0	6872	14522
chr2	25247639	17024	0	0	0	17024
chr2	25247790	0	0	14787	0	14787
chr2	26629636	0	0	13985	0	13985
chr2	98389058	0	0	17768	0	17768
chr2	132582244	0	0	10179	0	10179
chr2	133060506	0	0	8476	0	8476
chr2	145061824	11794	0	0	0	11794
chr2	162614954	5244	0	0	0	5244
chr2	162614972	5978	0	0	0	5978
chr2	162615021	0	7502	0	0	7502
chr2	173947911	0	0	0	14160	14160
chr20	83148	0	0	15651	0	15651
chr20	83158	0	15330	0	0	15330
chr20	14300177	0	10151	0	0	10151
chr20	14300230	0	0	12330	0	12330
chr20	17433202	0	12675	0	0	12675
chr20	17433203	0	0	12709	0	12709
chr20	17438980	0	0	16757	0	16757
chr20	17438999	0	0	0	17215	17215
chr20	17439070	0	13044	0	0	13044
chr20	32436288	0	0	16628	0	16628
chr20	37048217	0	17648	0	0	17648
chr20	42445130	0	0	14956	0	14956
chr20	43031194	0	16725	0	0	16725
chr20	46026997	0	0	12592	0	12592
chr21	32724643	0	801	0	1058	1859
chr21	34859490	0	8248	0	0	8248
chr21	34859553	8020	0	0	0	8020
chr22	23146855	5718	0	6135	0	11853
chr22	28688034	0	0	0	4754	4754
chr22	28688046	4527	0	2	0	4529
chr22	28688052	2	0	4118	0	4120
chr22	28689180	0	818	0	0	818
chr22	28725419	0	0	14302	0	14302
chr22	32446726	13359	0	0	0	13359
chr22	32446740	0	0	13698	0	13698
chr22	36632626	0	0	0	11995	11995
chr22	39588816	0	15544	0	0	15544
chr22	50177597	0	15650	0	0	15650
chr3	38284876	0	15121	0	0	15121
chr3	79767107	0	15869	0	0	15869
chr3	79767140	0	16772	0	0	16772
chr3	79767230	0	6613	7018	0	13631
chr3	107382367	0	14768	0	0	14768
chr3	124684464	0	14475	0	0	14475
chr3	140454513	0	12373	0	0	12373
chr3	140454553	0	11299	0	0	11299
chr3	156415908	0	17706	0	0	17706
chr3	156415922	0	0	18228	0	18228
chr3	156415939	0	17933	0	0	17933
chr3	156415978	0	0	17383	0	17383
chr3	156497283	0	0	15958	0	15958
chr3	177567399	0	0	5071	3804	8875
chr3	192811948	0	11081	0	0	11081
chr4	6459138	0	0	0	15076	15076
chr4	6459192	0	0	11580	0	11580
chr4	20521698	0	16370	0	0	16370
chr4	54733224	0	6225	0	0	6225
chr4	54733249	0	0	5384	0	5384
chr4	94932782	0	0	7751	0	7751
chr4	105236024	0	0	0	17788	17788
chr4	105236078	17846	0	0	0	17846
chr4	105237032	0	0	18262	0	18262
chr4	105276183	0	0	17325	0	17325
chr4	117369074	0	0	4590	0	4590
chr4	136881982	8899	0	0	0	8899
chr4	139722579	10075	0	0	0	10075
chr4	171825422	5048	0	4174	0	9222
chr4	171825435	0	0	0	8981	8981
chr4	173533477	0	13457	0	0	13457
chr4	177840335	0	0	10939	0	10939
chr5	7476066	0	0	8615	1	8616
chr5	9516788	0	13821	0	0	13821
chr5	9516855	0	0	15151	0	15151
chr5	16081009	0	15630	0	0	15630
chr5	16081075	0	13197	0	0	13197
chr5	16799232	0	0	0	11527	11527
chr5	27027009	0	0	7719	0	7719
chr5	35909613	0	0	0	12170	12170
chr5	45580051	0	11660	0	0	11660
chr5	45580094	0	0	0	8756	8756
chr5	61368607	0	0	0	13053	13053
chr5	83179950	0	0	9989	0	9989
chr5	111118182	0	0	0	14995	14995
chr5	167685548	0	0	13364	0	13364
chr5	167685596	0	0	11317	0	11317
chr6	39208712	16881	0	0	0	16881
chr6	42424840	0	6489	0	4784	11273
chr6	150236294	0	0	11471	0	11471
chr6	150236320	0	0	9939	0	9939
chr6	151284044	0	0	16855	0	16855
chr6	156879789	0	0	9702	0	9702
chr7	3517258	0	10096	0	0	10096
chr7	3884930	0	18056	0	0	18056
chr7	18892675	0	0	10558	0	10558
chr7	21816505	0	13781	0	0	13781
chr7	42022250	0	16096	0	0	16096
chr7	44239158	0	15054	0	0	15054
chr7	89114067	0	0	4664	0	4664
chr7	102898068	5611	0	0	0	5611
chr7	114443108	0	0	11934	0	11934
chr7	134248238	0	14012	0	0	14012
chr7	137819930	0	0	12655	0	12655
chr7	148807726	5470	0	0	0	5470
chr7	148809271	0	0	0	11951	11951
chr7	148809309	0	10798	0	0	10798
chr7	148810480	12650	0	0	0	12650
chr7	158031030	0	14932	0	0	14932
chr8	3088396	12593	0	0	0	12593
chr8	3088430	12604	0	0	0	12604
chr8	3172382	0	0	12863	0	12863
chr8	3172445	0	0	15380	0	15380
chr8	3172474	0	0	13891	0	13891
chr8	3721907	0	0	0	15022	15022
chr8	3721951	0	15930	0	0	15930
chr8	3721952	1	0	15886	0	15887
chr8	18185701	0	0	0	4397	4397
chr8	18185781	0	3319	0	0	3319
chr8	41850874	0	0	15791	0	15791
chr8	41850923	0	0	16654	0	16654
chr8	50190585	0	0	0	5939	5939
chr8	113312929	0	0	5583	0	5583
chr8	113401454	0	6696	0	1	6697
chr8	116852527	0	0	8535	0	8535
chr8	116852533	0	0	0	8565	8565
chr8	116852728	0	0	1028	0	1028
chr8	116854470	0	0	0	9111	9111
chr8	116856616	0	8754	0	0	8754
chr8	116861772	0	3517	0	0	3517
chr8	119785952	0	5486	0	0	5486
chr8	139698382	0	0	14413	0	14413
chr9	9252386	0	0	9807	0	9807
chr9	9555461	0	9624	0	0	9624
chr9	9555526	12326	0	0	0	12326
chr9	83971681	0	0	5040	0	5040
chr9	83971758	0	0	4866	0	4866
chr9	83977111	2865	0	0	0	2865
chr9	83977823	0	0	11518	0	11518
chr9	106598130	0	5833	0	0	5833
chr9	128395067	0	14401	1	0	14402
chrX	12288714	0	0	7751	0	7751
chrX	12288772	0	0	8941	0	8941
chrX	29747856	0	5285	0	0	5285
chrX	29747945	0	0	5880	0	5880
chrX	40053881	0	9868	0	0	9868
chrX	40053900	0	0	0	10113	10113
chrX	40062411	8494	0	0	0	8494
chrX	40062413	0	8266	0	0	8266
chrX	40062682	0	0	9415	0	9415
chrX	40073147	0	9519	0	0	9519
chrX	40073654	0	9140	0	0	9140
chrX	40074338	0	9551	0	0	9551
chrX	40074386	0	9720	0	0	9720
chrX	40075199	0	0	0	7688	7688
chrX	40077879	0	0	9455	0	9455
chrX	53399756	0	5438	0	0	5438
chrX	53409301	0	0	0	7629	7629
chrX	104593414	0	0	7213	0	7213
chrX	109378421	0	0	0	8622	8622
chrX	124061735	0	1423	0	0	1423
chrX	124063096	0	0	3039	0	3039
chrX	133881117	0	0	8287	0	8287
chrX	133881267	0	7768	0	0	7768
chrX	155099293	0	0	6917	0	6917
