#CHR	POS	Count_A	Count_C	Count_G	Count_T	Good_depth
chr1	4551169	16	0	7655	0	7671
chr1	8653318	9	0	0	5159	5168
chr1	20167322	0	0	8773	0	8773
chr1	33876265	8633	0	0	0	8633
chr1	42703955	0	0	7958	0	7958
chr1	44078273	0	6676	0	0	6676
chr1	49227014	0	7811	0	0	7811
chr1	51946640	0	8445	0	0	8445
chr1	57542637	0	8150	0	0	8150
chr1	59993665	4976	0	0	0	4976
chr1	63244456	0	6371	0	0	6371
chr1	75159281	0	7765	0	0	7765
chr1	77123422	0	6318	0	0	6318
chr1	80630555	6469	0	0	0	6469
chr1	85803894	0	5916	0	0	5916
chr1	103052013	0	0	0	6816	6816
chr1	109601275	0	7711	0	0	7711
chr1	115030755	0	7824	0	0	7824
chr1	117113739	0	0	8367	0	8367
chr1	175508637	0	8350	0	0	8350
chr1	184629144	0	0	7578	0	7578
chr1	184975298	0	8605	0	0	8605
chr1	197482223	4	0	6674	0	6678
chr1	200151609	0	0	0	6572	6572
chr1	229465351	0	7326	0	0	7326
chr10	5858380	0	0	0	8012	8012
chr10	14586207	0	8851	0	0	8851
chr10	22211104	0	0	7480	0	7480
chr10	25270158	0	19	0	7162	7181
chr10	27082826	0	0	0	5387	5387
chr10	30041333	9051	0	0	0	9051
chr10	35131703	5986	0	0	0	5986
chr10	62664688	0	0	8639	0	8639
chr10	73148784	6307	0	0	0	6307
chr10	75095801	0	0	8832	0	8832
chr10	75988491	0	0	0	5646	5646
chr10	85902732	0	0	0	8129	8129
chr10	86181339	0	0	8419	0	8419
chr10	92337774	0	0	7476	0	7476
chr10	97004015	0	0	8788	0	8788
chr10	119277944	0	0	8592	0	8592
chr10	122272140	0	0	8535	0	8535
chr10	123494840	0	13	0	8972	8985
chr11	9060299	0	8625	0	0	8625
chr11	12452833	0	8282	0	0	8282
chr11	16448684	0	6058	0	0	6058
chr11	17742288	0	0	5728	0	5728
chr11	28675735	0	0	0	7206	7206
chr11	34495982	0	0	8857	0	8857
chr11	36153821	0	0	8121	0	8121
chr11	61104592	0	9172	0	0	9172
chr11	72657766	0	9097	0	0	9097
chr11	75204789	0	8709	0	0	8709
chr11	79345466	0	0	7123	0	7123
chr11	82358771	4246	0	0	5	4251
chr11	82841162	0	5387	0	0	5387
chr11	88806002	0	5193	0	0	5193
chr11	95109864	0	0	8996	0	8996
chr11	99206570	0	0	7048	0	7048
chr11	99568787	0	0	5564	0	5564
chr11	103703043	0	0	7855	0	7855
chr11	115715728	0	7875	0	0	7875
chr11	116870374	0	8346	0	0	8346
chr11	131690353	0	8891	0	8	8899
chr11	132079459	0	8199	0	15	8214
chr12	5493483	0	8895	0	0	8895
chr12	21601728	0	0	0	7420	7420
chr12	25160011	0	4767	0	0	4767
chr12	26645129	0	0	0	8369	8369
chr12	26782362	2940	0	0	0	2940
chr12	52079237	0	0	8721	0	8721
chr12	52595717	0	0	7156	0	7156
chr12	66032460	0	0	7583	0	7583
chr12	71128007	0	6321	0	0	6321
chr12	71328041	0	0	6947	0	6947
chr12	75146865	0	6335	0	0	6335
chr12	79117379	0	7021	0	0	7021
chr12	80593442	12	6361	0	0	6373
chr12	82519695	0	0	5723	0	5723
chr12	95214749	0	5536	0	0	5536
chr12	98291006	0	6046	0	0	6046
chr12	106685795	0	7626	0	0	7626
chr12	109763696	0	0	0	8744	8744
chr12	125618357	0	8119	0	0	8119
chr12	131030749	0	0	9099	0	9099
chr12	132023655	2738	0	0	0	2738
chr13	29381512	0	0	6608	0	6608
chr13	42036116	0	0	5914	0	5914
chr13	42240684	6513	0	0	0	6513
chr13	60142103	0	7188	0	0	7188
chr13	60439471	0	0	0	6265	6265
chr13	77138657	0	6390	0	0	6390
chr13	85373372	0	4060	0	0	4060
chr13	85427587	0	6	0	6837	6843
chr13	97288391	7353	0	0	0	7353
chr13	101324295	0	0	5273	0	5273
chr13	101837563	0	0	6476	0	6476
chr13	101854619	0	0	7011	0	7011
chr13	101932175	0	0	0	7786	7786
chr13	107545694	0	0	8491	0	8491
chr13	107614443	0	6256	0	0	6256
chr13	114254603	0	0	5127	0	5127
chr14	27096948	0	0	0	6121	6121
chr14	29794017	6063	0	0	0	6063
chr14	33560608	0	0	7864	0	7864
chr14	38902618	0	0	8141	0	8141
chr14	41647219	7104	0	0	0	7104
chr14	58866458	0	8699	0	0	8699
chr14	67543343	0	0	7451	0	7451
chr14	71596357	0	7803	0	0	7803
chr14	72043618	0	0	0	7156	7156
chr14	72792911	0	3147	0	0	3147
chr14	75696887	4685	0	0	0	4685
chr14	76153957	0	15	0	7473	7488
chr14	96345093	3199	0	0	0	3199
chr14	99815806	0	0	8176	0	8176
chr14	101772091	0	6220	0	0	6220
chr15	26642237	0	0	6749	0	6749
chr15	27163093	0	0	8165	0	8165
chr15	27350630	0	0	7850	0	7850
chr15	27791772	0	6622	0	0	6622
chr15	31581854	0	8220	0	0	8220
chr15	39607771	0	0	5780	0	5780
chr15	39799601	0	8660	0	0	8660
chr15	44013678	0	6130	0	0	6130
chr15	51102786	0	9013	0	0	9013
chr15	52760851	0	0	7214	0	7214
chr15	65333274	0	8211	0	0	8211
chr15	79042520	0	8584	0	0	8584
chr15	80115575	7485	0	0	0	7485
chr15	92613399	6331	0	0	0	6331
chr15	100716908	0	8980	0	0	8980
chr15	100814131	0	0	7719	0	7719
chr16	149567	0	0	8521	0	8521
chr16	6034615	0	0	0	6951	6951
chr16	6379558	9	0	6284	0	6293
chr16	6438926	0	0	7712	0	7712
chr16	6457927	0	5372	0	0	5372
chr16	6539222	0	0	6937	0	6937
chr16	9910458	3233	0	0	0	3233
chr16	19458933	0	0	8096	0	8096
chr16	20911700	6504	0	0	0	6504
chr16	23413206	0	0	7375	0	7375
chr16	27853798	0	8487	0	0	8487
chr16	52568377	0	0	6518	0	6518
chr16	55329190	0	4458	0	0	4458
chr16	57370498	0	0	6162	0	6162
chr16	58189462	0	8698	0	0	8698
chr16	66398998	8435	0	0	0	8435
chr16	68840239	0	8441	0	0	8441
chr16	73386067	6516	0	0	0	6516
chr16	87938481	0	0	9070	0	9070
chr17	5834703	0	7829	0	0	7829
chr17	5866063	0	0	8202	0	8202
chr17	7673802	0	9189	0	0	9189
chr17	12621615	0	0	0	6099	6099
chr17	28808409	8469	0	0	0	8469
chr17	31301370	0	0	6449	0	6449
chr17	33287817	0	0	9089	0	9089
chr17	41579989	0	8848	0	0	8848
chr17	51067636	0	0	7022	0	7022
chr17	53823345	0	0	8295	0	8295
chr17	60663388	0	8803	0	0	8803
chr17	64544026	8054	0	0	0	8054
chr17	70179283	0	0	5848	0	5848
chr17	78362732	0	7466	0	0	7466
chr18	2067928	0	0	8491	0	8491
chr18	4193999	0	0	0	5269	5269
chr18	7579277	7687	0	0	0	7687
chr18	7731753	0	7472	0	0	7472
chr18	27125186	0	0	4806	0	4806
chr18	27479420	0	0	0	3610	3610
chr18	28792727	0	0	5123	0	5123
chr18	32968807	4839	0	0	0	4839
chr18	35001085	0	5640	0	0	5640
chr18	36458917	0	6876	0	0	6876
chr18	44779472	8358	0	0	0	8358
chr18	48391046	0	8959	0	0	8959
chr18	50593212	12	0	8261	0	8273
chr18	53105846	0	7351	0	0	7351
chr18	53122862	0	7966	0	0	7966
chr18	58968498	0	0	0	8619	8619
chr18	62527782	0	0	6587	8	6595
chr18	67860350	0	0	7551	0	7551
chr18	69764027	0	8141	0	13	8154
chr18	69785965	0	0	6351	0	6351
chr18	74666478	0	0	9044	0	9044
chr18	75019013	0	6105	0	0	6105
chr19	1093607	0	0	6884	0	6884
chr19	3425123	9143	0	0	0	9143
chr19	15666453	0	0	7377	0	7377
chr19	16694405	6668	0	0	0	6668
chr19	29509553	0	0	9208	0	9208
chr19	30323707	8623	0	0	0	8623
chr19	30530988	0	8752	0	0	8752
chr19	32773283	0	8281	0	0	8281
chr19	38932504	8265	0	0	0	8265
chr19	44782374	0	0	8783	0	8783
chr19	50881682	0	0	6594	0	6594
chr19	55915778	0	6970	0	0	6970
chr2	1154701	0	0	7358	0	7358
chr2	1742960	0	0	0	8058	8058
chr2	10406468	0	8962	0	0	8962
chr2	15329122	0	0	0	7596	7596
chr2	25241701	9266	0	0	0	9266
chr2	25251367	0	6819	0	0	6819
chr2	26629585	0	0	8689	0	8689
chr2	37697692	0	6721	0	0	6721
chr2	45322516	0	8424	0	0	8424
chr2	45439862	0	0	0	7211	7211
chr2	54770891	0	0	0	8574	8574
chr2	71567135	0	0	0	8519	8519
chr2	98389058	18	0	9145	0	9163
chr2	102143159	8290	0	0	0	8290
chr2	114707074	0	0	8183	0	8183
chr2	127665413	0	0	0	8904	8904
chr2	132582239	0	0	7490	0	7490
chr2	133060545	0	0	6937	0	6937
chr2	144917388	0	0	0	8321	8321
chr2	145061824	7173	0	0	0	7173
chr2	162615022	0	0	5442	0	5442
chr2	173947911	0	13	0	7760	7773
chr2	235924482	0	0	8586	0	8586
chr2	238869095	8760	0	0	0	8760
chr20	83125	0	0	8546	0	8546
chr20	2689922	0	0	0	8650	8650
chr20	14300230	0	0	7441	0	7441
chr20	15897758	4814	0	0	0	4814
chr20	17433203	15	0	7587	0	7602
chr20	17438999	0	17	0	8875	8892
chr20	31388798	0	8426	0	0	8426
chr20	33644524	0	0	8908	0	8908
chr20	37048246	0	0	0	8801	8801
chr20	42445112	0	8207	0	0	8207
chr20	43031232	0	0	8778	0	8778
chr20	46027033	0	8769	0	0	8769
chr20	46176605	0	7834	0	0	7834
chr20	53088002	0	8357	0	0	8357
chr20	57180459	0	0	6709	0	6709
chr21	15618094	0	0	7651	0	7651
chr21	19343639	0	0	3669	0	3669
chr21	24442239	0	0	0	6562	6562
chr21	25136440	0	0	0	8367	8367
chr21	27426571	0	0	0	5717	5717
chr21	32105632	0	0	7681	0	7681
chr21	32724635	0	0	3501	0	3501
chr21	33343100	0	0	0	8282	8282
chr22	19671429	0	4098	0	3676	7774
chr22	23146941	0	8791	0	0	8791
chr22	32446726	8151	0	6	0	8157
chr22	34025088	0	0	8449	0	8449
chr22	34067533	0	0	0	8442	8442
chr22	36632626	0	0	0	7531	7531
chr22	39588782	0	0	8774	0	8774
chr22	39763307	0	0	7600	0	7600
chr22	50177619	0	8701	0	0	8701
chr22	50704303	0	0	8811	0	8811
chr3	10285215	0	9416	0	0	9416
chr3	11791441	0	0	0	8678	8678
chr3	19237681	7401	0	0	0	7401
chr3	21693754	4342	0	0	0	4342
chr3	37310467	0	0	6895	0	6895
chr3	38284916	0	0	8826	0	8826
chr3	44363269	0	0	6506	0	6506
chr3	44952729	0	9117	0	0	9117
chr3	79767152	0	0	8355	0	8355
chr3	107382386	7338	0	0	0	7338
chr3	113155227	0	0	0	5515	5515
chr3	116085338	0	7463	0	0	7463
chr3	116726256	0	7679	0	0	7679
chr3	117543855	0	6937	0	0	6937
chr3	124684464	0	8324	0	18	8342
chr3	140454496	0	7744	0	0	7744
chr3	156415939	0	8939	0	0	8939
chr3	156497298	0	0	8045	0	8045
chr3	177567328	0	0	0	7579	7579
chr3	192811966	0	7418	0	0	7418
chr4	6459102	0	8788	0	0	8788
chr4	20521698	0	7733	0	17	7750
chr4	39368569	0	0	0	7867	7867
chr4	40516043	0	6822	0	0	6822
chr4	41632702	0	8836	0	0	8836
chr4	46041809	0	7143	0	0	7143
chr4	54028492	0	0	0	6359	6359
chr4	61227827	7246	0	0	0	7246
chr4	68105471	0	0	0	7178	7178
chr4	94932782	0	0	5865	0	5865
chr4	105275204	0	8550	0	0	8550
chr4	117369082	0	3882	0	0	3882
chr4	118029843	0	0	0	5304	5304
chr4	136882056	0	0	7384	0	7384
chr4	139722579	6727	0	11	0	6738
chr4	171825435	0	20	0	7178	7198
chr4	173533424	0	0	0	8544	8544
chr4	177840335	0	0	7293	0	7293
chr5	7122445	12	0	8412	0	8424
chr5	7476150	0	0	6280	0	6280
chr5	9516855	0	0	8469	0	8469
chr5	16081001	8494	0	0	0	8494
chr5	16799180	0	0	7511	0	7511
chr5	26395126	3282	0	0	0	3282
chr5	27027008	0	5789	0	0	5789
chr5	35909655	0	0	7331	0	7331
chr5	42858784	0	7889	0	0	7889
chr5	45580010	0	0	7551	0	7551
chr5	60597295	5792	0	0	0	5792
chr5	61368607	0	0	14	7482	7496
chr5	73282578	0	0	8693	0	8693
chr5	80425361	7720	0	0	0	7720
chr5	83179950	10	0	6919	0	6929
chr5	111118182	0	16	0	8076	8092
chr5	114477338	0	0	5769	0	5769
chr5	126355471	0	0	7805	0	7805
chr5	132280512	0	0	8982	0	8982
chr5	137139894	0	8326	0	0	8326
chr5	149136585	0	8001	0	0	8001
chr5	156450715	5385	0	0	0	5385
chr5	162070088	0	0	0	4077	4077
chr5	167685565	0	0	7386	0	7386
chr5	178981641	0	0	8917	0	8917
chr6	39208712	8615	0	0	0	8615
chr6	42424894	0	0	0	8052	8052
chr6	50745106	0	0	8278	0	8278
chr6	54921023	5943	0	0	0	5943
chr6	56164611	0	0	0	5951	5951
chr6	72823822	7268	0	0	0	7268
chr6	97926608	0	6702	0	5	6707
chr6	123214387	5204	0	0	0	5204
chr6	128525222	0	8305	0	0	8305
chr6	128939397	0	0	0	5968	5968
chr6	148505123	0	0	8911	0	8911
chr6	150236254	0	0	8033	0	8033
chr6	151284044	0	0	8674	0	8674
chr6	156879739	7328	0	0	0	7328
chr6	166098026	17	0	0	7829	7846
chr6	169541880	0	0	0	3262	3262
chr7	3324741	0	0	6830	0	6830
chr7	3517174	0	0	7186	0	7186
chr7	3884930	0	8729	0	0	8729
chr7	3989636	0	8874	0	0	8874
chr7	18892701	6640	0	0	0	6640
chr7	21816505	0	7855	0	15	7870
chr7	27108877	0	0	5881	0	5881
chr7	37213242	0	0	8153	0	8153
chr7	42022250	0	7696	0	0	7696
chr7	44239171	0	0	8677	0	8677
chr7	44291059	0	0	0	8765	8765
chr7	55157734	0	8462	0	0	8462
chr7	89114094	0	3682	0	0	3682
chr7	102898017	0	0	6029	0	6029
chr7	114443108	9	0	7125	0	7134
chr7	123612453	0	5970	0	0	5970
chr7	129058902	0	6956	0	0	6956
chr7	134248169	0	0	7924	0	7924
chr7	134802240	0	0	5052	0	5052
chr7	137819873	0	8270	0	0	8270
chr7	148810344	19	0	0	8568	8587
chr7	148811627	0	8706	0	0	8706
chr7	158031014	0	8312	0	0	8312
chr8	3088430	7227	0	0	0	7227
chr8	3172437	0	0	7876	0	7876
chr8	3245358	0	0	8547	0	8547
chr8	3257804	0	0	8862	0	8862
chr8	3721952	3	0	8078	0	8081
chr8	18185701	0	0	0	4510	4510
chr8	25483968	0	0	3930	0	3930
chr8	27305102	0	0	8629	0	8629
chr8	28027962	2936	0	0	0	2936
chr8	35683818	0	0	0	8187	8187
chr8	41850923	0	0	8787	0	8787
chr8	50190656	0	0	0	6516	6516
chr8	65633841	0	0	7955	0	7955
chr8	66708097	0	0	5243	0	5243
chr8	68756692	0	0	2984	0	2984
chr8	85129252	0	0	0	6761	6761
chr8	87069790	6945	0	0	0	6945
chr8	91086921	0	0	6312	0	6312
chr8	100219126	0	0	8076	0	8076
chr8	113312898	0	0	4953	0	4953
chr8	113401478	0	5934	0	0	5934
chr8	119785904	5591	0	0	0	5591
chr8	139698313	0	8611	0	0	8611
chr9	4597502	0	0	6901	0	6901
chr9	9252386	0	0	7196	0	7196
chr9	9555526	6864	0	0	0	6864
chr9	19721212	0	6455	0	0	6455
chr9	21971029	0	7365	0	0	7365
chr9	101640362	0	7716	0	0	7716
chr9	106598206	0	0	0	7160	7160
chr9	109501997	8098	0	0	0	8098
chr9	112266538	0	1	0	6406	6407
chr9	128395001	0	0	8881	0	8881
chr9	134415169	8422	0	0	0	8422
chrX	11637021	0	0	2260	0	2260
chrX	12288772	0	0	4102	0	4102
chrX	15835476	0	0	3853	0	3853
chrX	17845322	0	4307	0	0	4307
chrX	29747945	0	0	3176	0	3176
chrX	32848180	0	0	4016	0	4016
chrX	45849345	0	3880	0	0	3880
chrX	72128810	0	0	4830	0	4830
chrX	104593414	19	0	3809	0	3828
chrX	105678895	0	2567	0	0	2567
chrX	105841353	0	0	3731	0	3731
chrX	108305108	0	4189	0	0	4189
chrX	109378360	0	0	4163	0	4163
chrX	109621230	4328	0	0	0	4328
chrX	132489973	0	3570	0	0	3570
chrX	133881186	0	4126	0	0	4126
chrX	154938339	0	0	3525	0	3525
