#CHR	POS	Count_A	Count_C	Count_G	Count_T	Good_depth
chr1	4551169	0	0	12844	0	12844
chr1	8653318	0	0	0	8275	8275
chr1	20167322	0	0	14856	0	14856
chr1	33876265	14903	0	0	0	14903
chr1	42703955	0	0	13378	0	13378
chr1	44078273	0	11103	0	0	11103
chr1	49227014	0	14687	0	0	14687
chr1	51946640	0	14807	0	0	14807
chr1	57542637	0	13640	0	0	13640
chr1	59993665	8226	0	0	0	8226
chr1	63244456	0	10635	0	0	10635
chr1	75159281	0	14569	0	0	14569
chr1	77123422	0	10728	0	0	10728
chr1	80630555	10034	0	0	0	10034
chr1	85803894	0	10643	0	0	10643
chr1	103052013	0	0	0	12381	12381
chr1	109601275	0	12427	0	0	12427
chr1	115030755	0	13843	0	0	13843
chr1	117113739	0	0	14623	0	14623
chr1	175508637	0	14846	0	0	14846
chr1	184629144	0	0	12565	0	12565
chr1	184975298	0	14252	0	0	14252
chr1	197482223	0	0	10566	0	10566
chr1	200151609	0	0	0	10293	10293
chr1	229465351	0	12254	0	0	12254
chr10	5858380	0	0	0	13207	13207
chr10	14586207	0	14814	0	0	14814
chr10	22211104	0	0	12488	0	12488
chr10	25270158	0	0	0	11928	11928
chr10	27082826	0	0	0	9167	9167
chr10	30041333	15852	0	0	0	15852
chr10	35131703	10162	0	0	0	10162
chr10	62664688	0	0	14205	0	14205
chr10	73148784	10118	0	0	0	10118
chr10	75095801	0	0	14543	0	14543
chr10	75988491	0	0	0	9659	9659
chr10	85902732	0	0	0	13798	13798
chr10	86181339	0	0	14084	0	14084
chr10	92337774	0	0	13086	0	13086
chr10	97004015	0	0	14620	0	14620
chr10	119277944	0	0	14756	0	14756
chr10	122272140	0	0	14591	0	14591
chr10	123494840	0	0	0	15358	15358
chr11	9060299	0	15056	0	0	15056
chr11	12452833	0	14485	0	0	14485
chr11	16448684	0	9983	0	0	9983
chr11	17742288	0	0	9298	0	9298
chr11	28675735	0	0	0	12725	12725
chr11	34495982	0	0	15207	0	15207
chr11	36153821	0	0	13879	0	13879
chr11	61104592	0	15383	0	0	15383
chr11	72657766	0	14629	0	0	14629
chr11	75204789	0	14307	0	0	14307
chr11	79345466	0	0	11644	0	11644
chr11	82358771	6597	0	0	0	6597
chr11	82841162	0	5627	0	0	5627
chr11	88806002	0	7448	0	0	7448
chr11	95109864	0	0	15557	0	15557
chr11	99206570	0	0	7394	0	7394
chr11	99568787	0	0	9863	0	9863
chr11	103703043	0	0	13352	0	13352
chr11	115715728	0	13240	0	0	13240
chr11	116870374	2	13956	0	0	13958
chr11	131690353	0	15305	0	0	15305
chr11	132079459	0	14096	0	0	14096
chr12	5493483	0	15586	0	0	15586
chr12	21601728	0	0	0	13833	13833
chr12	25160011	0	7910	0	0	7910
chr12	26645129	0	0	0	13785	13785
chr12	26782362	4217	0	0	0	4217
chr12	52079237	0	0	13794	0	13794
chr12	52595717	0	0	12739	0	12739
chr12	66032460	0	0	12870	0	12870
chr12	71128007	0	10493	0	0	10493
chr12	71328041	0	0	12700	0	12700
chr12	75146865	0	10416	0	0	10416
chr12	79117379	0	13198	0	0	13198
chr12	80593442	0	10701	0	0	10701
chr12	82519695	0	0	9263	0	9263
chr12	95214749	0	8490	0	0	8490
chr12	98291006	0	9719	0	0	9719
chr12	106685795	0	13058	0	0	13058
chr12	109763696	0	0	0	14372	14372
chr12	125618357	0	14324	0	0	14324
chr12	131030749	0	0	14735	0	14735
chr12	132023655	3872	0	0	0	3872
chr13	29381512	0	0	10383	0	10383
chr13	42036116	0	0	8905	0	8905
chr13	42240684	10307	0	0	0	10307
chr13	60142103	0	12785	0	0	12785
chr13	60439471	0	0	0	10859	10859
chr13	77138657	0	10675	0	0	10675
chr13	85373372	0	6728	0	0	6728
chr13	85427587	0	0	0	12127	12127
chr13	97288391	12438	0	0	0	12438
chr13	101324295	0	0	8589	0	8589
chr13	101837563	0	0	10535	0	10535
chr13	101854619	0	0	10829	0	10829
chr13	101932175	0	0	0	13454	13454
chr13	107545694	0	0	15138	0	15138
chr13	107614443	0	9717	0	0	9717
chr13	114254603	0	0	7415	0	7415
chr14	27096948	0	0	0	9910	9910
chr14	29794017	10072	0	0	0	10072
chr14	33560608	0	0	12371	0	12371
chr14	38902618	0	0	14499	0	14499
chr14	41647219	12811	0	0	0	12811
chr14	58866458	0	15771	0	0	15771
chr14	67543343	0	0	12355	0	12355
chr14	71596357	0	13128	0	0	13128
chr14	72043618	0	0	0	11901	11901
chr14	72792911	0	5026	0	0	5026
chr14	75696887	6680	0	0	0	6680
chr14	76153957	0	0	0	12236	12236
chr14	96345093	4701	0	0	0	4701
chr14	99815806	0	0	14780	0	14780
chr14	101772091	0	9949	0	0	9949
chr15	26642237	1	0	11858	0	11859
chr15	27163093	0	0	14575	0	14575
chr15	27350630	0	0	13774	0	13774
chr15	27791772	0	10101	0	1	10102
chr15	31581854	0	13246	0	0	13246
chr15	39607771	0	0	8741	0	8741
chr15	39799601	0	14644	0	0	14644
chr15	44013678	0	10596	0	0	10596
chr15	51102786	0	15428	0	0	15428
chr15	52760851	0	0	12772	0	12772
chr15	65333274	0	12827	0	0	12827
chr15	79042520	0	14137	0	0	14137
chr15	80115575	12352	0	0	0	12352
chr15	92613399	9419	0	0	0	9419
chr15	100716908	0	14994	0	0	14994
chr15	100814131	0	0	13154	0	13154
chr16	149567	0	0	13279	0	13279
chr16	6034615	0	0	0	11300	11300
chr16	6379558	0	0	10285	0	10285
chr16	6438926	0	0	13477	0	13477
chr16	6457927	0	7644	0	0	7644
chr16	6539222	0	0	11277	0	11277
chr16	9910458	4677	0	0	0	4677
chr16	19458933	0	0	14023	0	14023
chr16	20911700	10485	0	0	0	10485
chr16	23413206	0	0	12247	0	12247
chr16	27853798	0	13970	0	0	13970
chr16	52568377	0	0	10516	0	10516
chr16	55329190	0	5907	0	0	5907
chr16	57370498	0	0	10287	0	10287
chr16	58189462	0	14783	1	0	14784
chr16	66398998	14269	0	0	0	14269
chr16	68840239	0	13812	0	0	13812
chr16	73386067	11062	0	0	0	11062
chr16	87938481	0	0	15360	0	15360
chr17	5834703	0	14453	0	0	14453
chr17	5866063	0	0	14416	0	14416
chr17	7673802	0	15665	0	0	15665
chr17	12621615	0	0	0	10425	10425
chr17	28808409	14254	0	0	0	14254
chr17	31301370	0	0	10333	0	10333
chr17	33287817	0	0	15044	0	15044
chr17	41579989	0	14564	0	0	14564
chr17	51067636	0	0	11405	0	11405
chr17	53823345	0	0	13887	0	13887
chr17	60663388	0	16192	0	0	16192
chr17	64544026	13735	0	0	0	13735
chr17	70179283	0	0	10062	0	10062
chr17	78362732	0	10840	0	0	10840
chr18	2067928	0	0	14268	0	14268
chr18	4193999	0	0	0	8757	8757
chr18	7579277	12632	0	0	0	12632
chr18	7731753	0	14014	0	0	14014
chr18	27125186	0	0	7862	0	7862
chr18	27479420	0	0	0	5240	5240
chr18	28792727	0	0	9086	0	9086
chr18	32968807	7726	0	0	0	7726
chr18	35001085	0	8568	0	0	8568
chr18	36458917	0	11964	0	0	11964
chr18	44779472	14246	0	0	0	14246
chr18	48391046	0	15237	0	0	15237
chr18	50593212	0	0	14400	0	14400
chr18	53105846	0	12767	0	0	12767
chr18	53122862	0	14583	0	0	14583
chr18	58968498	0	0	0	15032	15032
chr18	62527782	0	0	9880	0	9880
chr18	67860350	0	0	13832	0	13832
chr18	69764027	0	14643	0	0	14643
chr18	69785965	0	0	12116	0	12116
chr18	74666478	0	0	15253	0	15253
chr18	75019013	0	10505	0	0	10505
chr19	1093607	0	0	9603	0	9603
chr19	3425123	14596	0	0	0	14596
chr19	15666453	0	0	11993	0	11993
chr19	16694405	9986	0	0	0	9986
chr19	29509553	0	0	15190	0	15190
chr19	30323707	15669	0	0	0	15669
chr19	30530988	0	15168	0	0	15168
chr19	32773283	0	15085	0	0	15085
chr19	38932504	13405	0	0	0	13405
chr19	44782374	0	0	13512	0	13512
chr19	50881682	0	0	10199	0	10199
chr19	55915778	0	11388	0	0	11388
chr2	1154701	0	0	12176	0	12176
chr2	1742960	0	0	0	12378	12378
chr2	10406468	0	14488	0	0	14488
chr2	15329122	0	0	0	12353	12353
chr2	25241701	15421	0	0	0	15421
chr2	25251367	0	10280	0	0	10280
chr2	26629585	0	0	14446	0	14446
chr2	37697692	0	10572	0	0	10572
chr2	45322516	0	15107	0	0	15107
chr2	45439862	0	0	0	11850	11850
chr2	54770891	0	0	0	14718	14718
chr2	71567135	0	0	0	14427	14427
chr2	98389058	0	0	15343	0	15343
chr2	102143159	13225	0	0	0	13225
chr2	114707074	0	0	15070	0	15070
chr2	127665413	0	0	0	13975	13975
chr2	132582239	0	0	11961	0	11961
chr2	133060545	0	0	12123	0	12123
chr2	144917388	0	0	0	14012	14012
chr2	145061824	12685	0	0	0	12685
chr2	162615022	0	0	9058	0	9058
chr2	173947911	0	0	0	13560	13560
chr2	235924482	0	0	14899	0	14899
chr2	238869095	14648	0	0	0	14648
chr20	83125	0	0	14800	0	14800
chr20	2689922	0	0	0	12665	12665
chr20	14300230	0	0	13131	0	13131
chr20	15897758	7747	0	0	0	7747
chr20	17433203	0	0	12983	0	12983
chr20	17438999	0	0	0	15034	15034
chr20	31388798	0	14383	0	0	14383
chr20	33644524	0	0	14892	0	14892
chr20	37048246	0	0	0	15861	15861
chr20	42445112	0	14597	0	0	14597
chr20	43031232	0	0	15659	0	15659
chr20	46027033	0	13862	0	0	13862
chr20	46176605	0	12293	0	0	12293
chr20	53088002	0	14980	0	0	14980
chr20	57180459	0	0	10807	0	10807
chr21	15618094	0	0	12545	0	12545
chr21	19343639	0	0	5736	0	5736
chr21	24442239	0	0	0	12413	12413
chr21	25136440	0	0	0	14563	14563
chr21	27426571	0	0	0	9280	9280
chr21	32105632	0	0	13187	0	13187
chr21	32724635	0	0	4024	0	4024
chr21	33343100	0	0	0	14267	14267
chr22	19671429	0	12808	0	0	12808
chr22	23146941	0	14648	0	0	14648
chr22	32446726	14174	0	0	0	14174
chr22	34025088	0	0	15460	0	15460
chr22	34067533	0	0	0	14817	14817
chr22	36632626	0	0	0	11144	11144
chr22	39588782	0	0	14453	0	14453
chr22	39763307	0	0	12238	0	12238
chr22	50177619	0	12035	0	0	12035
chr22	50704303	0	0	13068	0	13068
chr3	10285215	0	15995	0	0	15995
chr3	11791441	0	0	0	14664	14664
chr3	19237681	12919	0	0	0	12919
chr3	21693754	7030	0	0	0	7030
chr3	37310467	0	0	10784	0	10784
chr3	38284916	0	0	14866	0	14866
chr3	44363269	0	0	11575	0	11575
chr3	44952729	0	15905	0	0	15905
chr3	79767152	0	0	14281	0	14281
chr3	107382386	13855	0	0	0	13855
chr3	113155227	0	0	0	8545	8545
chr3	116085338	0	13281	0	0	13281
chr3	116726256	0	13359	0	0	13359
chr3	117543855	0	12460	0	0	12460
chr3	124684464	0	14239	0	0	14239
chr3	140454496	0	12527	0	0	12527
chr3	156415939	0	15397	0	0	15397
chr3	156497298	0	0	14831	0	14831
chr3	177567328	0	0	0	12380	12380
chr3	192811966	0	12438	0	0	12438
chr4	6459102	0	14382	0	0	14382
chr4	20521698	0	14482	0	0	14482
chr4	39368569	0	0	0	13654	13654
chr4	40516043	0	10857	0	0	10857
chr4	41632702	0	15406	0	0	15406
chr4	46041809	0	13703	0	0	13703
chr4	54028492	0	0	0	11656	11656
chr4	61227827	13942	0	0	0	13942
chr4	68105471	0	0	0	12768	12768
chr4	94932782	0	0	9470	0	9470
chr4	105275204	0	15569	0	0	15569
chr4	117369082	0	6662	0	0	6662
chr4	118029843	0	0	0	9220	9220
chr4	136882056	0	0	12788	0	12788
chr4	139722579	11839	0	0	0	11839
chr4	171825435	0	0	0	11184	11184
chr4	173533424	0	0	0	13767	13767
chr4	177840335	0	0	12288	0	12288
chr5	7122445	0	0	15122	0	15122
chr5	7476150	0	0	10055	0	10055
chr5	9516855	0	0	14430	0	14430
chr5	16081001	14782	0	0	0	14782
chr5	16799180	1	0	13011	0	13012
chr5	26395126	6006	0	0	0	6006
chr5	27027008	0	9837	0	0	9837
chr5	35909655	0	0	13142	0	13142
chr5	42858784	0	13470	0	0	13470
chr5	45580010	0	0	13291	0	13291
chr5	60597295	8972	0	0	0	8972
chr5	61368607	0	0	0	13258	13258
chr5	73282578	0	0	15601	0	15601
chr5	80425361	13812	0	0	0	13812
chr5	83179950	0	0	11836	0	11836
chr5	111118182	0	0	0	14344	14344
chr5	114477338	0	0	9596	0	9596
chr5	126355471	0	0	13710	0	13710
chr5	132280512	0	0	14930	0	14930
chr5	137139894	0	14076	0	0	14076
chr5	149136585	0	13039	0	0	13039
chr5	156450715	8747	0	0	0	8747
chr5	162070088	0	0	0	5999	5999
chr5	167685565	0	0	13462	0	13462
chr5	178981641	0	0	14882	0	14882
chr6	39208712	14617	0	0	0	14617
chr6	42424894	0	0	0	13885	13885
chr6	50745106	0	0	14556	0	14556
chr6	54921023	11599	0	0	0	11599
chr6	56164611	0	0	0	10024	10024
chr6	72823822	12758	0	0	0	12758
chr6	97926608	0	12021	0	0	12021
chr6	123214387	7524	0	0	0	7524
chr6	128525222	0	15048	0	0	15048
chr6	128939397	0	0	0	10103	10103
chr6	148505123	0	0	16221	0	16221
chr6	150236254	0	0	13243	0	13243
chr6	151284044	0	0	14854	0	14854
chr6	156879739	12552	0	0	0	12552
chr6	166098026	0	0	0	13141	13141
chr6	169541880	0	0	0	4796	4796
chr7	3324741	0	0	11463	0	11463
chr7	3517174	0	0	13711	0	13711
chr7	3884930	0	15186	0	0	15186
chr7	3989636	0	15137	0	0	15137
chr7	18892701	11433	0	0	0	11433
chr7	21816505	0	13665	0	0	13665
chr7	27108877	0	0	9155	0	9155
chr7	37213242	0	0	12796	0	12796
chr7	42022250	0	14405	0	0	14405
chr7	44239171	0	0	13299	0	13299
chr7	44291059	0	0	0	14350	14350
chr7	55157734	0	14790	0	0	14790
chr7	89114094	0	5779	0	0	5779
chr7	102898017	0	0	9399	0	9399
chr7	114443108	0	0	12961	0	12961
chr7	123612453	0	9511	0	0	9511
chr7	129058902	0	11763	0	0	11763
chr7	134248169	0	0	14401	0	14401
chr7	134802240	0	0	9023	0	9023
chr7	137819873	0	14214	0	0	14214
chr7	148810344	0	0	0	15635	15635
chr7	148811627	0	15760	0	0	15760
chr7	158031014	0	14449	0	0	14449
chr8	3088430	12951	0	0	0	12951
chr8	3172437	0	0	14065	0	14065
chr8	3245358	0	0	14902	0	14902
chr8	3257804	0	0	14590	0	14590
chr8	3721952	0	0	14380	0	14380
chr8	18185701	0	0	0	6901	6901
chr8	25483968	0	0	6160	0	6160
chr8	27305102	0	0	14589	0	14589
chr8	28027962	3879	0	0	0	3879
chr8	35683818	0	0	0	14747	14747
chr8	41850923	0	0	14964	0	14964
chr8	50190656	0	0	0	10574	10574
chr8	65633841	0	0	12843	0	12843
chr8	66708097	0	0	8427	0	8427
chr8	68756692	0	0	4538	0	4538
chr8	85129252	0	0	0	11701	11701
chr8	87069790	12340	0	0	0	12340
chr8	91086921	0	0	10750	0	10750
chr8	100219126	0	0	14009	0	14009
chr8	113312898	0	0	7474	0	7474
chr8	113401478	0	10261	0	0	10261
chr8	119785904	8615	0	0	0	8615
chr8	139698313	0	13761	0	0	13761
chr9	4597502	0	0	11010	0	11010
chr9	9252386	1	0	11823	0	11824
chr9	9555526	12601	0	0	0	12601
chr9	19721212	0	11232	0	0	11232
chr9	21971029	0	11904	0	0	11904
chr9	101640362	0	14171	0	0	14171
chr9	106598206	0	0	0	11008	11008
chr9	109501997	13534	0	0	0	13534
chr9	112266538	0	0	0	10882	10882
chr9	128395001	0	0	14662	0	14662
chr9	134415169	12371	0	0	0	12371
chrX	11637021	0	0	3280	0	3280
chrX	12288772	0	0	7512	0	7512
chrX	15835476	0	0	7062	0	7062
chrX	17845322	0	7910	0	0	7910
chrX	29747945	0	0	5677	0	5677
chrX	32848180	0	0	7876	0	7876
chrX	45849345	0	6760	0	0	6760
chrX	72128810	0	0	7970	0	7970
chrX	104593414	0	0	7008	0	7008
chrX	105678895	0	4283	0	0	4283
chrX	105841353	0	0	7079	0	7079
chrX	108305108	0	7775	0	0	7775
chrX	109378360	0	0	7953	0	7953
chrX	109621230	7925	0	0	0	7925
chrX	132489973	0	5730	0	0	5730
chrX	133881186	0	7609	0	1	7610
chrX	154938339	0	0	6507	0	6507
