#CHR	POS	Count_A	Count_C	Count_G	Count_T	Good_depth
chr1	4551169	37	0	9743	0	9780
chr1	8653318	19	0	0	6593	6612
chr1	20167322	0	0	10802	0	10802
chr1	33876265	10741	0	0	0	10741
chr1	42703955	0	0	9997	0	9997
chr1	44078273	0	8469	0	0	8469
chr1	49227014	0	10149	0	0	10149
chr1	51946640	0	10427	0	0	10427
chr1	57542637	0	10460	0	0	10460
chr1	59993665	6609	0	0	0	6609
chr1	63244456	0	8351	0	0	8351
chr1	75159281	0	10247	0	0	10247
chr1	77123422	0	8477	0	0	8477
chr1	80630555	8194	0	0	0	8194
chr1	85803894	0	8121	0	0	8121
chr1	103052013	0	0	0	9265	9265
chr1	109601275	0	9794	0	0	9794
chr1	115030755	0	10266	0	0	10266
chr1	117113739	0	0	10635	0	10635
chr1	175508637	0	10618	0	0	10618
chr1	184629144	0	0	9524	0	9524
chr1	184975298	0	10559	0	0	10559
chr1	197482223	19	0	8451	0	8470
chr1	200151609	0	0	0	8437	8437
chr1	229465351	0	9636	0	0	9636
chr10	5858380	0	0	0	10095	10095
chr10	14586207	0	10900	0	0	10900
chr10	22211104	0	0	9615	0	9615
chr10	25270158	0	19	0	9170	9189
chr10	27082826	0	0	0	7269	7269
chr10	30041333	11322	0	0	0	11322
chr10	35131703	8046	0	0	0	8046
chr10	62664688	0	0	10891	0	10891
chr10	73148784	8145	0	0	0	8145
chr10	75095801	0	0	10769	0	10769
chr10	75988491	0	0	0	7307	7307
chr10	85902732	0	0	0	10377	10377
chr10	86181339	0	0	10397	0	10397
chr10	92337774	0	0	9415	0	9415
chr10	97004015	0	0	10614	0	10614
chr10	119277944	0	0	10816	0	10816
chr10	122272140	0	0	10498	0	10498
chr10	123494840	0	22	0	10874	10896
chr11	9060299	0	10810	0	0	10810
chr11	12452833	0	10585	0	0	10585
chr11	16448684	0	7901	0	0	7901
chr11	17742288	0	0	7057	0	7057
chr11	28675735	0	0	0	9490	9490
chr11	34495982	0	0	10644	0	10644
chr11	36153821	0	0	10282	0	10282
chr11	61104592	0	10955	0	0	10955
chr11	72657766	0	11043	0	0	11043
chr11	75204789	0	10518	0	0	10518
chr11	79345466	0	0	9180	0	9180
chr11	82358771	5780	0	0	12	5792
chr11	82841162	0	6872	0	0	6872
chr11	88806002	0	6748	0	0	6748
chr11	95109864	0	0	10864	0	10864
chr11	99206570	0	0	9383	0	9383
chr11	99568787	0	0	7616	0	7616
chr11	103703043	2	0	9923	0	9925
chr11	115715728	0	9985	0	0	9985
chr11	116870374	2	10205	0	0	10207
chr11	131690353	0	11034	0	16	11050
chr11	132079459	0	10512	0	38	10550
chr12	5493483	0	11024	0	0	11024
chr12	21601728	0	0	0	9811	9811
chr12	25160011	0	6359	0	0	6359
chr12	26645129	0	0	0	10486	10486
chr12	26782362	4141	0	0	0	4141
chr12	52079237	0	0	10548	0	10548
chr12	52595717	0	0	9517	0	9517
chr12	66032460	0	0	9882	0	9882
chr12	71128007	0	8330	0	0	8330
chr12	71328041	0	0	9177	0	9177
chr12	75146865	0	8201	0	0	8201
chr12	79117379	0	9135	0	0	9135
chr12	80593442	33	8347	0	0	8380
chr12	82519695	0	0	7751	0	7751
chr12	95214749	0	7148	0	0	7148
chr12	98291006	0	8111	0	0	8111
chr12	106685795	0	9598	0	0	9598
chr12	109763696	0	0	0	10596	10596
chr12	125618357	0	10098	0	0	10098
chr12	131030749	0	0	10800	0	10800
chr12	132023655	3706	0	0	0	3706
chr13	29381512	0	0	8473	0	8473
chr13	42036116	0	0	7501	0	7501
chr13	42240684	8484	0	0	0	8484
chr13	60142103	0	9654	0	0	9654
chr13	60439471	0	0	0	8463	8463
chr13	77138657	0	8500	0	0	8500
chr13	85373372	0	5549	0	0	5549
chr13	85427587	0	42	0	9351	9393
chr13	97288391	9229	0	0	0	9229
chr13	101324295	0	0	6935	0	6935
chr13	101837563	0	0	8719	0	8719
chr13	101854619	0	0	9053	0	9053
chr13	101932175	0	0	0	9718	9718
chr13	107545694	0	0	10626	0	10626
chr13	107614443	0	8135	0	0	8135
chr13	114254603	0	0	6632	0	6632
chr14	27096948	0	0	0	7881	7881
chr14	29794017	8048	0	0	0	8048
chr14	33560608	0	0	9885	0	9885
chr14	38902618	0	0	10293	0	10293
chr14	41647219	9182	0	0	0	9182
chr14	58866458	0	11074	0	0	11074
chr14	67543343	0	0	9410	0	9410
chr14	71596357	0	9696	0	0	9696
chr14	72043618	0	0	0	9339	9339
chr14	72792911	0	4355	0	0	4355
chr14	75696887	6010	0	0	0	6010
chr14	76153957	0	37	0	9441	9478
chr14	96345093	4516	0	0	0	4516
chr14	99815806	0	0	10557	0	10557
chr14	101772091	0	8075	0	0	8075
chr15	26642237	0	0	8761	0	8761
chr15	27163093	0	0	10159	0	10159
chr15	27350630	0	0	9987	0	9987
chr15	27791772	0	8677	0	1	8678
chr15	31581854	0	10133	0	0	10133
chr15	39607771	0	0	7352	0	7352
chr15	39799601	0	10509	0	0	10509
chr15	44013678	0	8194	0	0	8194
chr15	51102786	0	11406	0	0	11406
chr15	52760851	0	0	9190	0	9190
chr15	65333274	0	9856	0	0	9856
chr15	79042520	0	10672	0	0	10672
chr15	80115575	9578	0	0	0	9578
chr15	92613399	8183	0	0	0	8183
chr15	100716908	0	10870	0	0	10870
chr15	100814131	0	0	9684	0	9684
chr16	149567	0	0	10567	0	10567
chr16	6034615	0	0	0	8845	8845
chr16	6379558	18	0	7838	0	7856
chr16	6438926	0	0	9988	0	9988
chr16	6457927	0	6640	0	0	6640
chr16	6539222	0	0	8895	0	8895
chr16	9910458	4598	0	0	0	4598
chr16	19458933	0	0	10082	0	10082
chr16	20911700	8406	0	0	0	8406
chr16	23413206	0	0	9540	0	9540
chr16	27853798	0	10476	0	0	10476
chr16	52568377	0	0	8517	0	8517
chr16	55329190	0	5689	0	0	5689
chr16	57370498	0	0	7596	0	7596
chr16	58189462	0	10732	0	0	10732
chr16	66398998	10558	0	0	0	10558
chr16	68840239	0	10362	0	0	10362
chr16	73386067	8177	0	0	0	8177
chr16	87938481	0	0	11154	0	11154
chr17	5834703	0	10184	0	0	10184
chr17	5866063	0	0	10348	0	10348
chr17	7673802	0	10949	0	0	10949
chr17	12621615	0	0	0	8203	8203
chr17	28808409	10648	0	0	0	10648
chr17	31301370	0	0	8480	0	8480
chr17	33287817	0	0	11135	0	11135
chr17	41579989	0	10596	0	0	10596
chr17	51067636	0	0	8781	0	8781
chr17	53823345	0	0	10336	0	10336
chr17	60663388	0	10829	0	0	10829
chr17	64544026	10204	0	0	0	10204
chr17	70179283	0	0	7685	0	7685
chr17	78362732	0	9159	0	0	9159
chr18	2067928	0	0	10529	0	10529
chr18	4193999	0	0	0	7024	7024
chr18	7579277	9848	0	0	0	9848
chr18	7731753	0	9883	0	0	9883
chr18	27125186	5	0	6722	0	6727
chr18	27479420	0	0	0	4912	4912
chr18	28792727	0	0	6718	0	6718
chr18	32968807	6546	0	0	0	6546
chr18	35001085	0	7371	0	0	7371
chr18	36458917	0	8697	0	0	8697
chr18	44779472	10752	0	0	0	10752
chr18	48391046	0	11012	0	0	11012
chr18	50593212	16	0	10307	0	10323
chr18	53105846	0	9584	0	0	9584
chr18	53122862	0	10404	0	0	10404
chr18	58968498	0	0	0	10878	10878
chr18	62527782	0	0	8678	8	8686
chr18	67860350	0	0	9970	0	9970
chr18	69764027	0	10463	0	36	10499
chr18	69785965	0	0	8627	0	8627
chr18	74666478	0	0	11335	0	11335
chr18	75019013	0	8195	0	0	8195
chr19	1093607	0	0	8594	0	8594
chr19	3425123	11052	0	0	0	11052
chr19	15666453	0	0	9245	0	9245
chr19	16694405	8218	0	0	0	8218
chr19	29509553	0	0	11284	0	11284
chr19	30323707	11298	0	0	0	11298
chr19	30530988	0	10620	0	0	10620
chr19	32773283	0	10514	0	0	10514
chr19	38932504	10179	0	0	0	10179
chr19	44782374	0	0	10565	0	10565
chr19	50881682	0	0	8515	0	8515
chr19	55915778	0	8700	0	0	8700
chr2	1154701	0	0	9377	0	9377
chr2	1742960	0	0	0	10225	10225
chr2	10406468	0	10697	0	0	10697
chr2	15329122	0	0	0	9540	9540
chr2	25241701	11122	0	0	0	11122
chr2	25251367	0	8313	0	0	8313
chr2	26629585	0	0	10957	0	10957
chr2	37697692	0	8545	0	0	8545
chr2	45322516	0	10512	0	0	10512
chr2	45439862	0	0	0	9207	9207
chr2	54770891	0	0	0	10691	10691
chr2	71567135	0	0	0	10823	10823
chr2	98389058	51	0	11034	0	11085
chr2	102143159	9775	0	0	0	9775
chr2	114707074	0	0	10695	0	10695
chr2	127665413	0	0	0	10636	10636
chr2	132582239	0	0	9526	0	9526
chr2	133060545	0	0	9448	0	9448
chr2	144917388	0	0	0	10370	10370
chr2	145061824	9610	0	0	0	9610
chr2	162615022	0	0	7264	0	7264
chr2	173947911	0	30	0	9902	9932
chr2	235924482	0	0	10691	0	10691
chr2	238869095	10623	0	0	0	10623
chr20	83125	0	0	10348	0	10348
chr20	2689922	0	0	0	10833	10833
chr20	14300230	0	0	9774	0	9774
chr20	15897758	6314	0	0	0	6314
chr20	17433203	39	0	9697	0	9736
chr20	17438999	0	44	0	10918	10962
chr20	31388798	0	10598	0	0	10598
chr20	33644524	0	0	10653	0	10653
chr20	37048246	0	0	0	10931	10931
chr20	42445112	0	10590	0	0	10590
chr20	43031232	0	0	10952	0	10952
chr20	46027033	0	10706	0	0	10706
chr20	46176605	0	9822	0	0	9822
chr20	53088002	0	10587	0	0	10587
chr20	57180459	0	0	8161	0	8161
chr21	15618094	0	0	9829	0	9829
chr21	19343639	0	0	5018	0	5018
chr21	24442239	0	0	0	8967	8967
chr21	25136440	0	0	0	10387	10387
chr21	27426571	0	0	0	7838	7838
chr21	32105632	0	0	9722	0	9722
chr21	32724635	0	0	4329	0	4329
chr21	33343100	0	0	0	10267	10267
chr22	19671429	0	5140	0	4752	9892
chr22	23146941	0	10889	0	0	10889
chr22	32446726	10279	0	8	0	10287
chr22	34025088	0	0	10716	0	10716
chr22	34067533	0	0	0	10681	10681
chr22	36632626	0	0	0	9344	9344
chr22	39588782	0	0	10717	0	10717
chr22	39763307	0	0	9549	0	9549
chr22	50177619	0	10444	0	0	10444
chr22	50704303	0	0	10540	0	10540
chr3	10285215	0	11651	0	0	11651
chr3	11791441	0	0	0	11029	11029
chr3	19237681	9566	0	0	0	9566
chr3	21693754	5836	0	0	0	5836
chr3	37310467	0	0	8594	0	8594
chr3	38284916	0	0	10979	0	10979
chr3	44363269	0	0	8523	0	8523
chr3	44952729	0	11361	0	0	11361
chr3	79767152	0	0	10233	0	10233
chr3	107382386	9581	0	0	0	9581
chr3	113155227	0	0	0	7474	7474
chr3	116085338	0	9784	0	0	9784
chr3	116726256	0	10184	0	0	10184
chr3	117543855	0	9445	0	0	9445
chr3	124684464	0	10307	0	38	10345
chr3	140454496	0	9752	0	0	9752
chr3	156415939	0	11072	0	0	11072
chr3	156497298	0	0	10337	0	10337
chr3	177567328	0	0	0	9393	9393
chr3	192811966	0	9462	0	0	9462
chr4	6459102	0	11167	0	0	11167
chr4	20521698	0	9935	0	33	9968
chr4	39368569	0	0	0	9827	9827
chr4	40516043	0	8414	0	0	8414
chr4	41632702	0	10887	0	0	10887
chr4	46041809	0	9451	0	0	9451
chr4	54028492	0	0	0	8927	8927
chr4	61227827	9748	0	0	0	9748
chr4	68105471	0	0	0	9431	9431
chr4	94932782	0	0	7849	0	7849
chr4	105275204	0	10866	0	0	10866
chr4	117369082	0	5260	0	0	5260
chr4	118029843	0	0	0	7238	7238
chr4	136882056	0	0	9683	0	9683
chr4	139722579	8770	0	39	0	8809
chr4	171825435	0	33	0	9325	9358
chr4	173533424	0	0	0	10492	10492
chr4	177840335	0	0	9616	0	9616
chr5	7122445	25	0	10511	0	10536
chr5	7476150	0	0	8164	0	8164
chr5	9516855	0	0	10640	0	10640
chr5	16081001	10676	0	0	0	10676
chr5	16799180	0	0	9562	0	9562
chr5	26395126	4564	0	0	0	4564
chr5	27027008	0	7897	0	0	7897
chr5	35909655	0	0	9430	0	9430
chr5	42858784	0	9784	0	0	9784
chr5	45580010	0	0	9940	0	9940
chr5	60597295	7649	0	0	0	7649
chr5	61368607	0	0	32	9767	9799
chr5	73282578	0	0	10712	0	10712
chr5	80425361	9922	0	0	0	9922
chr5	83179950	34	0	9093	0	9127
chr5	111118182	0	52	0	10403	10455
chr5	114477338	0	0	7734	0	7734
chr5	126355471	0	0	9843	0	9843
chr5	132280512	0	0	11130	0	11130
chr5	137139894	0	10364	0	0	10364
chr5	149136585	0	10067	0	0	10067
chr5	156450715	7114	0	0	0	7114
chr5	162070088	0	0	0	5334	5334
chr5	167685565	0	0	9645	0	9645
chr5	178981641	1	0	11104	0	11105
chr6	39208712	10795	0	0	0	10795
chr6	42424894	0	0	0	10179	10179
chr6	50745106	0	0	10457	0	10457
chr6	54921023	8276	0	0	0	8276
chr6	56164611	0	0	0	7984	7984
chr6	72823822	9429	0	0	0	9429
chr6	97926608	0	9031	0	29	9060
chr6	123214387	6845	0	0	0	6845
chr6	128525222	0	10652	0	0	10652
chr6	128939397	0	0	0	7813	7813
chr6	148505123	0	0	11231	0	11231
chr6	150236254	0	0	9920	0	9920
chr6	151284044	0	0	10716	0	10716
chr6	156879739	9595	0	0	0	9595
chr6	166098026	43	0	0	9810	9853
chr6	169541880	0	0	0	4360	4360
chr7	3324741	0	0	9112	0	9112
chr7	3517174	0	0	9666	0	9666
chr7	3884930	0	10740	0	0	10740
chr7	3989636	0	10898	0	0	10898
chr7	18892701	8642	0	0	0	8642
chr7	21816505	0	9965	0	28	9993
chr7	27108877	0	0	7628	0	7628
chr7	37213242	0	0	10047	0	10047
chr7	42022250	0	9900	0	0	9900
chr7	44239171	0	0	10566	0	10566
chr7	44291059	0	0	0	10829	10829
chr7	55157734	0	10469	0	0	10469
chr7	89114094	0	4802	0	0	4802
chr7	102898017	0	0	7842	0	7842
chr7	114443108	28	0	9285	0	9313
chr7	123612453	0	7717	0	0	7717
chr7	129058902	0	9112	0	0	9112
chr7	134248169	0	0	10030	0	10030
chr7	134802240	0	0	7043	0	7043
chr7	137819873	0	10748	0	0	10748
chr7	148810344	43	0	0	10756	10799
chr7	148811627	0	11049	0	0	11049
chr7	158031014	0	10562	0	0	10562
chr8	3088430	9393	0	0	0	9393
chr8	3172437	1	0	10234	0	10235
chr8	3245358	0	0	10913	0	10913
chr8	3257804	0	0	10918	0	10918
chr8	3721952	0	0	10298	0	10298
chr8	18185701	0	0	0	6191	6191
chr8	25483968	0	0	5225	0	5225
chr8	27305102	0	0	10722	0	10722
chr8	28027962	3595	0	0	0	3595
chr8	35683818	0	1	0	10413	10414
chr8	41850923	0	0	10990	0	10990
chr8	50190656	0	0	0	8569	8569
chr8	65633841	0	0	10166	0	10166
chr8	66708097	0	0	6679	0	6679
chr8	68756692	0	0	4130	0	4130
chr8	85129252	0	0	0	8956	8956
chr8	87069790	9288	0	0	0	9288
chr8	91086921	0	0	8256	0	8256
chr8	100219126	0	0	10308	0	10308
chr8	113312898	0	0	6444	0	6444
chr8	113401478	0	8065	0	0	8065
chr8	119785904	7578	0	0	0	7578
chr8	139698313	0	10763	0	0	10763
chr9	4597502	0	0	8645	0	8645
chr9	9252386	0	0	9277	0	9277
chr9	9555526	9349	0	0	0	9349
chr9	19721212	0	8498	0	0	8498
chr9	21971029	0	9112	0	0	9112
chr9	101640362	0	10134	0	0	10134
chr9	106598206	0	0	0	9108	9108
chr9	109501997	10384	0	0	0	10384
chr9	112266538	0	0	0	8521	8521
chr9	128395001	0	0	10921	0	10921
chr9	134415169	9998	0	0	0	9998
chrX	11637021	0	0	2928	0	2928
chrX	12288772	0	0	5233	0	5233
chrX	15835476	0	0	5089	0	5089
chrX	17845322	0	5438	0	0	5438
chrX	29747945	0	0	4180	0	4180
chrX	32848180	0	0	5148	0	5148
chrX	45849345	0	5104	0	0	5104
chrX	72128810	0	0	5907	0	5907
chrX	104593414	31	0	4827	0	4858
chrX	105678895	0	3305	0	0	3305
chrX	105841353	0	0	5025	0	5025
chrX	108305108	0	5332	0	0	5332
chrX	109378360	0	0	5299	0	5299
chrX	109621230	5404	0	0	0	5404
chrX	132489973	0	4245	0	0	4245
chrX	133881186	0	5062	0	0	5062
chrX	154938339	0	0	4745	0	4745
