#CHR	POS	Count_A	Count_C	Count_G	Count_T	Good_depth
chr1	4551169	0	0	10977	0	10977
chr1	8653318	0	0	0	7605	7605
chr1	20167322	0	0	11727	0	11727
chr1	33876265	11997	0	0	0	11997
chr1	42703955	0	0	11164	0	11164
chr1	44078273	0	9283	0	0	9283
chr1	49227014	0	11048	0	0	11048
chr1	51946640	0	11373	0	0	11373
chr1	57542637	0	11464	0	0	11464
chr1	59993665	7422	0	0	0	7422
chr1	63244456	0	9329	0	0	9329
chr1	75159281	0	10927	0	0	10927
chr1	77123422	0	9366	0	0	9366
chr1	80630555	9342	0	0	0	9342
chr1	85803894	0	8745	0	0	8745
chr1	103052013	0	0	0	10387	10387
chr1	109601275	0	10989	0	0	10989
chr1	115030755	0	11143	0	0	11143
chr1	117113739	0	0	11697	0	11697
chr1	175508637	0	11163	0	0	11163
chr1	184629144	0	0	10579	0	10579
chr1	184975298	0	11417	0	0	11417
chr1	197482223	0	0	9758	0	9758
chr1	200151609	0	0	0	9249	9249
chr1	229465351	0	10540	0	0	10540
chr10	5858380	0	0	0	11413	11413
chr10	14586207	0	11667	0	0	11667
chr10	22211104	0	0	10680	0	10680
chr10	25270158	0	0	0	10207	10207
chr10	27082826	0	0	0	8259	8259
chr10	30041333	12325	0	0	0	12325
chr10	35131703	9077	0	0	0	9077
chr10	62664688	0	0	11885	0	11885
chr10	73148784	9130	0	0	0	9130
chr10	75095801	0	0	11830	0	11830
chr10	75988491	0	0	0	7942	7942
chr10	85902732	0	0	0	11189	11189
chr10	86181339	0	0	11211	0	11211
chr10	92337774	0	0	10524	0	10524
chr10	97004015	0	0	11154	0	11154
chr10	119277944	0	0	12229	0	12229
chr10	122272140	0	0	11383	0	11383
chr10	123494840	0	0	0	11858	11858
chr11	9060299	0	11796	0	0	11796
chr11	12452833	0	11125	0	0	11125
chr11	16448684	0	8799	0	0	8799
chr11	17742288	0	0	7928	0	7928
chr11	28675735	0	0	0	10558	10558
chr11	34495982	0	0	11757	0	11757
chr11	36153821	0	0	11624	0	11624
chr11	61104592	0	11900	0	0	11900
chr11	72657766	0	11967	0	0	11967
chr11	75204789	0	11611	0	0	11611
chr11	79345466	0	0	10270	0	10270
chr11	82358771	6643	0	0	0	6643
chr11	82841162	0	7529	0	0	7529
chr11	88806002	0	7780	0	0	7780
chr11	95109864	0	0	11832	0	11832
chr11	99206570	0	0	6100	0	6100
chr11	99568787	0	0	8559	0	8559
chr11	103703043	0	0	10459	0	10459
chr11	115715728	0	10995	0	0	10995
chr11	116870374	2	11527	0	0	11529
chr11	131690353	0	11872	0	0	11872
chr11	132079459	0	11491	0	0	11491
chr12	5493483	0	11873	0	0	11873
chr12	21601728	0	0	0	10519	10519
chr12	25160011	0	6420	0	0	6420
chr12	26645129	0	0	0	11272	11272
chr12	26782362	5136	0	0	0	5136
chr12	52079237	0	0	11502	0	11502
chr12	52595717	0	0	10315	0	10315
chr12	66032460	0	0	10867	0	10867
chr12	71128007	0	9406	0	0	9406
chr12	71328041	0	0	10241	0	10241
chr12	75146865	0	9201	0	0	9201
chr12	79117379	0	9783	0	0	9783
chr12	80593442	0	9574	0	0	9574
chr12	82519695	0	0	8629	0	8629
chr12	95214749	0	7800	0	0	7800
chr12	98291006	0	8960	0	0	8960
chr12	106685795	0	10727	0	0	10727
chr12	109763696	0	0	0	11830	11830
chr12	125618357	0	10974	0	0	10974
chr12	131030749	0	0	11855	0	11855
chr12	132023655	4494	0	0	0	4494
chr13	29381512	0	0	9701	0	9701
chr13	42036116	0	0	8833	0	8833
chr13	42240684	9389	0	0	0	9389
chr13	60142103	0	10732	0	0	10732
chr13	60439471	0	0	0	9778	9778
chr13	77138657	0	9171	0	0	9171
chr13	85373372	0	6990	0	0	6990
chr13	85427587	0	0	0	10286	10286
chr13	97288391	10460	0	0	0	10460
chr13	101324295	0	0	7690	0	7690
chr13	101837563	0	0	9663	0	9663
chr13	101854619	0	0	10296	0	10296
chr13	101932175	0	0	0	10564	10564
chr13	107545694	0	0	11681	0	11681
chr13	107614443	0	9353	0	0	9353
chr13	114254603	0	0	7771	0	7771
chr14	27096948	0	0	0	9077	9077
chr14	29794017	9157	0	0	0	9157
chr14	33560608	0	0	10607	0	10607
chr14	38902618	0	0	11095	0	11095
chr14	41647219	10309	0	0	0	10309
chr14	58866458	0	11871	0	0	11871
chr14	67543343	0	0	10473	0	10473
chr14	71596357	0	11028	0	0	11028
chr14	72043618	0	0	0	10336	10336
chr14	72792911	0	5858	0	0	5858
chr14	75696887	7262	0	0	0	7262
chr14	76153957	0	0	0	10515	10515
chr14	96345093	5491	0	0	0	5491
chr14	99815806	0	0	11223	0	11223
chr14	101772091	0	9200	0	0	9200
chr15	26642237	0	0	9653	0	9653
chr15	27163093	0	0	10904	0	10904
chr15	27350630	0	0	10630	0	10630
chr15	27791772	0	9825	0	0	9825
chr15	31581854	0	10942	0	0	10942
chr15	39607771	0	0	8650	0	8650
chr15	39799601	0	11348	0	0	11348
chr15	44013678	0	8973	0	0	8973
chr15	51102786	0	11986	0	0	11986
chr15	52760851	0	0	10069	0	10069
chr15	65333274	0	10675	0	0	10675
chr15	79042520	0	11428	0	0	11428
chr15	80115575	10737	0	0	0	10737
chr15	92613399	9127	0	0	0	9127
chr15	100716908	0	11643	0	0	11643
chr15	100814131	0	0	10982	0	10982
chr16	149567	0	0	11591	0	11591
chr16	6034615	0	0	0	9722	9722
chr16	6379558	0	0	8642	0	8642
chr16	6438926	0	0	11071	0	11071
chr16	6457927	0	6360	0	0	6360
chr16	6539222	0	0	9716	0	9716
chr16	9910458	5084	0	0	0	5084
chr16	19458933	0	0	10741	0	10741
chr16	20911700	9484	0	0	0	9484
chr16	23413206	0	0	10666	0	10666
chr16	27853798	0	11330	0	0	11330
chr16	52568377	0	0	9380	0	9380
chr16	55329190	0	6524	0	0	6524
chr16	57370498	0	0	8335	0	8335
chr16	58189462	0	11702	0	0	11702
chr16	66398998	11352	0	0	0	11352
chr16	68840239	0	11304	0	0	11304
chr16	73386067	9081	0	0	0	9081
chr16	87938481	0	0	12192	0	12192
chr17	5834703	0	10986	0	0	10986
chr17	5866063	0	0	11412	0	11412
chr17	7673802	0	12328	0	0	12328
chr17	12621615	0	0	0	9199	9199
chr17	28808409	11755	0	0	0	11755
chr17	31301370	0	0	9694	0	9694
chr17	33287817	0	0	12108	0	12108
chr17	41579989	0	11318	0	0	11318
chr17	51067636	0	0	10025	0	10025
chr17	53823345	0	0	11002	0	11002
chr17	60663388	0	11878	0	0	11878
chr17	64544026	11318	0	0	0	11318
chr17	70179283	0	0	8551	0	8551
chr17	78362732	0	10504	0	0	10504
chr18	2067928	0	0	11524	0	11524
chr18	4193999	0	0	0	7981	7981
chr18	7579277	10660	0	0	0	10660
chr18	7731753	0	10892	0	0	10892
chr18	27125186	0	0	7629	0	7629
chr18	27479420	0	0	0	5406	5406
chr18	28792727	0	0	7566	0	7566
chr18	32968807	7497	0	0	0	7497
chr18	35001085	0	8365	0	0	8365
chr18	36458917	0	9274	0	0	9274
chr18	44779472	11622	0	0	0	11622
chr18	48391046	0	11903	0	0	11903
chr18	50593212	0	0	11386	0	11386
chr18	53105846	0	10850	0	0	10850
chr18	53122862	0	11188	0	0	11188
chr18	58968498	0	0	0	11615	11615
chr18	62527782	0	0	9569	0	9569
chr18	67860350	0	0	10641	0	10641
chr18	69764027	0	11451	0	0	11451
chr18	69785965	0	0	9534	0	9534
chr18	74666478	0	0	11924	0	11924
chr18	75019013	0	9272	0	0	9272
chr19	1093607	0	0	9191	0	9191
chr19	3425123	12123	0	0	0	12123
chr19	15666453	0	0	10477	0	10477
chr19	16694405	9499	0	0	0	9499
chr19	29509553	0	0	12220	0	12220
chr19	30323707	12206	0	0	0	12206
chr19	30530988	0	11473	0	0	11473
chr19	32773283	0	11397	0	0	11397
chr19	38932504	10683	0	0	0	10683
chr19	44782374	0	0	11202	0	11202
chr19	50881682	0	0	9697	0	9697
chr19	55915778	0	9659	0	0	9659
chr2	1154701	0	0	10198	0	10198
chr2	1742960	0	0	0	10975	10975
chr2	10406468	0	11724	0	0	11724
chr2	15329122	0	0	0	10475	10475
chr2	25241701	12201	0	0	0	12201
chr2	25251367	0	9092	0	0	9092
chr2	26629585	0	0	11747	0	11747
chr2	37697692	0	9809	0	0	9809
chr2	45322516	0	11492	0	0	11492
chr2	45439862	0	0	0	10149	10149
chr2	54770891	0	0	0	11577	11577
chr2	71567135	0	0	0	12067	12067
chr2	98389058	0	0	11899	0	11899
chr2	102143159	10705	0	0	0	10705
chr2	114707074	0	0	11472	0	11472
chr2	127665413	0	0	0	11731	11731
chr2	132582239	0	0	10621	0	10621
chr2	133060545	0	0	10493	0	10493
chr2	144917388	0	0	0	11280	11280
chr2	145061824	10657	0	0	0	10657
chr2	162615022	0	0	8204	0	8204
chr2	173947911	0	0	0	11133	11133
chr2	235924482	0	0	11473	0	11473
chr2	238869095	11437	0	0	0	11437
chr20	83125	0	0	11490	0	11490
chr20	2689922	0	0	0	11819	11819
chr20	14300230	0	0	10665	0	10665
chr20	15897758	7412	0	0	0	7412
chr20	17433203	0	0	10811	0	10811
chr20	17438999	0	0	0	11655	11655
chr20	31388798	0	11151	0	0	11151
chr20	33644524	0	0	11669	0	11669
chr20	37048246	0	0	0	12248	12248
chr20	42445112	0	11546	1	0	11547
chr20	43031232	0	0	11784	0	11784
chr20	46027033	0	12031	0	0	12031
chr20	46176605	0	10523	0	0	10523
chr20	53088002	0	11400	0	0	11400
chr20	57180459	0	0	8945	0	8945
chr21	15618094	0	0	10641	0	10641
chr21	19343639	0	0	5796	0	5796
chr21	24442239	0	0	0	9768	9768
chr21	25136440	0	0	0	11264	11264
chr21	27426571	0	0	0	8807	8807
chr21	32105632	0	0	10725	0	10725
chr21	32724635	0	0	4831	0	4831
chr21	33343100	0	0	0	11532	11532
chr22	19671429	0	11112	0	0	11112
chr22	23146941	0	11750	0	0	11750
chr22	32446726	11181	0	0	0	11181
chr22	34025088	0	0	11731	0	11731
chr22	34067533	0	0	0	11748	11748
chr22	36632626	0	0	0	9919	9919
chr22	39588782	0	0	11548	0	11548
chr22	39763307	0	0	10891	0	10891
chr22	50177619	0	11460	0	0	11460
chr22	50704303	0	0	11494	0	11494
chr3	10285215	0	12487	0	0	12487
chr3	11791441	0	0	0	11732	11732
chr3	19237681	10690	0	0	0	10690
chr3	21693754	6631	0	0	0	6631
chr3	37310467	0	0	9495	0	9495
chr3	38284916	0	0	12141	0	12141
chr3	44363269	0	0	9496	0	9496
chr3	44952729	0	11888	0	0	11888
chr3	79767152	0	0	11002	0	11002
chr3	107382386	10526	0	0	0	10526
chr3	113155227	0	0	0	8446	8446
chr3	116085338	0	10565	0	0	10565
chr3	116726256	0	10970	0	0	10970
chr3	117543855	0	10011	0	0	10011
chr3	124684464	0	11147	0	0	11147
chr3	140454496	0	10791	0	0	10791
chr3	156415939	0	11807	0	0	11807
chr3	156497298	0	0	11136	0	11136
chr3	177567328	0	0	0	10640	10640
chr3	192811966	0	10595	0	0	10595
chr4	6459102	0	12181	0	0	12181
chr4	20521698	0	10847	0	0	10847
chr4	39368569	0	0	0	10877	10877
chr4	40516043	0	9205	0	0	9205
chr4	41632702	0	11581	0	0	11581
chr4	46041809	0	10464	0	0	10464
chr4	54028492	0	0	0	9899	9899
chr4	61227827	11024	0	0	0	11024
chr4	68105471	0	0	0	10276	10276
chr4	94932782	0	0	8728	0	8728
chr4	105275204	0	11454	0	0	11454
chr4	117369082	0	6918	0	0	6918
chr4	118029843	0	0	0	8295	8295
chr4	136882056	0	0	10758	0	10758
chr4	139722579	10051	0	0	0	10051
chr4	171825435	0	0	0	9846	9846
chr4	173533424	0	0	0	11419	11419
chr4	177840335	0	0	10539	0	10539
chr5	7122445	0	0	11506	0	11506
chr5	7476150	0	0	9323	0	9323
chr5	9516855	0	0	11524	0	11524
chr5	16081001	11378	0	0	0	11378
chr5	16799180	0	0	10913	0	10913
chr5	26395126	5303	0	0	0	5303
chr5	27027008	0	8561	0	0	8561
chr5	35909655	0	0	10295	0	10295
chr5	42858784	0	10828	0	0	10828
chr5	45580010	0	0	10543	0	10543
chr5	60597295	8502	0	0	0	8502
chr5	61368607	0	0	0	10819	10819
chr5	73282578	0	0	11787	0	11787
chr5	80425361	10965	0	0	0	10965
chr5	83179950	0	0	10487	0	10487
chr5	111118182	0	0	0	11184	11184
chr5	114477338	0	0	8960	0	8960
chr5	126355471	0	0	10879	0	10879
chr5	132280512	0	0	11928	0	11928
chr5	137139894	0	11357	0	0	11357
chr5	149136585	0	11449	0	0	11449
chr5	156450715	8227	0	0	0	8227
chr5	162070088	0	0	0	6217	6217
chr5	167685565	0	0	10575	0	10575
chr5	178981641	0	0	11922	0	11922
chr6	39208712	11679	0	0	0	11679
chr6	42424894	0	0	0	11491	11491
chr6	50745106	0	0	11241	0	11241
chr6	54921023	9653	0	0	0	9653
chr6	56164611	0	0	0	8931	8931
chr6	72823822	10620	0	0	0	10620
chr6	97926608	0	9718	0	0	9718
chr6	123214387	8103	0	0	0	8103
chr6	128525222	0	11797	0	0	11797
chr6	128939397	0	0	0	8991	8991
chr6	148505123	0	0	12018	0	12018
chr6	150236254	0	0	10976	0	10976
chr6	151284044	0	0	11702	0	11702
chr6	156879739	10936	0	0	0	10936
chr6	166098026	0	0	0	10886	10886
chr6	169541880	0	0	0	5333	5333
chr7	3324741	0	0	10151	0	10151
chr7	3517174	0	0	10691	0	10691
chr7	3884930	0	11617	0	0	11617
chr7	3989636	0	12041	0	0	12041
chr7	18892701	9490	0	0	0	9490
chr7	21816505	0	11065	0	0	11065
chr7	27108877	0	0	8409	0	8409
chr7	37213242	0	0	11418	0	11418
chr7	42022250	0	10530	0	0	10530
chr7	44239171	0	0	11363	0	11363
chr7	44291059	0	0	0	11895	11895
chr7	55157734	0	11441	0	0	11441
chr7	89114094	0	5739	0	0	5739
chr7	102898017	0	0	8431	0	8431
chr7	114443108	0	0	10395	0	10395
chr7	123612453	0	8833	0	0	8833
chr7	129058902	0	10179	0	0	10179
chr7	134248169	0	0	10819	0	10819
chr7	134802240	0	0	7965	0	7965
chr7	137819873	0	11557	0	0	11557
chr7	148810344	0	0	0	11701	11701
chr7	148811627	0	12119	0	0	12119
chr7	158031014	0	11371	0	0	11371
chr8	3088430	10423	0	0	0	10423
chr8	3172437	0	0	11004	0	11004
chr8	3245358	0	0	11566	0	11566
chr8	3257804	0	0	11567	0	11567
chr8	3721952	0	0	11104	0	11104
chr8	18185701	0	0	0	7218	7218
chr8	25483968	0	0	6202	0	6202
chr8	27305102	0	0	11492	0	11492
chr8	28027962	4444	0	0	0	4444
chr8	35683818	0	0	0	11314	11314
chr8	41850923	0	0	11821	0	11821
chr8	50190656	0	0	0	9757	9757
chr8	65633841	0	0	10957	0	10957
chr8	66708097	0	0	7700	0	7700
chr8	68756692	0	0	5035	0	5035
chr8	85129252	0	0	0	10108	10108
chr8	87069790	10114	0	0	0	10114
chr8	91086921	0	0	9328	0	9328
chr8	100219126	0	0	11154	0	11154
chr8	113312898	0	0	7263	0	7263
chr8	113401478	0	9239	0	0	9239
chr8	119785904	8631	0	0	0	8631
chr8	139698313	0	11567	0	0	11567
chr9	4597502	0	0	9660	0	9660
chr9	9252386	0	0	10480	0	10480
chr9	9555526	10200	0	0	0	10200
chr9	19721212	0	9299	0	0	9299
chr9	21971029	0	9572	0	0	9572
chr9	101640362	0	11101	0	0	11101
chr9	106598206	0	0	0	10415	10415
chr9	109501997	11499	0	0	0	11499
chr9	112266538	0	0	0	9630	9630
chr9	128395001	0	0	11850	0	11850
chr9	134415169	10955	0	0	0	10955
chrX	11637021	0	0	4168	0	4168
chrX	12288772	0	0	10859	0	10859
chrX	15835476	0	0	10307	0	10307
chrX	17845322	0	11636	0	0	11636
chrX	29747945	0	0	9356	0	9356
chrX	32848180	0	0	10905	0	10905
chrX	45849345	0	10187	0	0	10187
chrX	72128810	0	0	12453	0	12453
chrX	104593414	0	0	9968	0	9968
chrX	105678895	0	5987	0	0	5987
chrX	105841353	0	0	10012	0	10012
chrX	108305108	0	11398	0	0	11398
chrX	109378360	0	0	11364	0	11364
chrX	109621230	11674	0	0	0	11674
chrX	132489973	0	8210	0	0	8210
chrX	133881186	0	10824	0	0	10824
chrX	154938339	0	0	9404	0	9404
