#CHR	POS	Count_A	Count_C	Count_G	Count_T	Good_depth
chr1	4551169	0	0	16223	0	16223
chr1	8653318	0	0	0	15365	15365
chr1	20167322	0	0	14062	0	14062
chr1	33876265	16094	0	0	0	16094
chr1	42703955	0	0	19332	0	19332
chr1	44078273	0	15215	0	0	15215
chr1	49227014	0	17227	0	0	17227
chr1	51946640	0	19348	0	0	19348
chr1	57542637	0	17519	0	0	17519
chr1	59993665	13279	0	0	0	13279
chr1	63244456	0	16245	0	0	16245
chr1	75159281	0	19623	0	0	19623
chr1	77123422	0	18471	0	0	18471
chr1	80630555	21221	0	0	0	21221
chr1	85803894	0	18409	0	0	18409
chr1	103052013	0	0	0	19591	19591
chr1	109601275	0	19451	0	0	19451
chr1	115030755	0	22077	0	0	22077
chr1	117113739	0	0	17125	0	17125
chr1	175508637	0	14766	0	0	14766
chr1	184629144	0	0	15673	0	15673
chr1	184975298	0	18147	0	0	18147
chr1	197482223	0	0	19168	0	19168
chr1	200151609	0	0	0	19378	19378
chr1	229465351	0	20432	0	0	20432
chr10	5858380	0	0	0	16197	16197
chr10	14586207	0	15705	0	0	15705
chr10	22211104	0	0	20675	0	20675
chr10	25270158	0	1	0	17902	17903
chr10	27082826	0	0	0	18133	18133
chr10	30041333	16862	0	0	0	16862
chr10	35131703	19150	0	0	0	19150
chr10	62664688	0	0	15668	0	15668
chr10	73148784	19965	0	0	0	19965
chr10	75095801	0	0	11728	0	11728
chr10	75988491	0	0	0	12234	12234
chr10	85902732	0	0	0	17478	17478
chr10	86181339	0	0	11714	0	11714
chr10	92337774	0	0	17024	0	17024
chr10	97004015	0	0	10629	0	10629
chr10	119277944	0	0	18950	0	18950
chr10	122272140	0	0	15907	0	15907
chr10	123494840	0	0	0	12383	12383
chr11	9060299	0	16634	0	0	16634
chr11	12452833	0	12464	0	0	12464
chr11	16448684	0	18161	0	0	18161
chr11	17742288	0	0	11121	0	11121
chr11	28675735	0	0	0	18164	18164
chr11	34495982	0	0	12397	0	12397
chr11	36153821	0	0	16325	0	16325
chr11	61104592	0	12346	0	0	12346
chr11	72657766	0	12778	0	0	12778
chr11	75204789	0	12769	0	0	12769
chr11	79345466	0	0	18985	0	18985
chr11	82358771	17438	0	0	1	17439
chr11	82841162	0	9775	0	0	9775
chr11	88806002	0	16148	0	0	16148
chr11	95109864	0	0	12383	0	12383
chr11	99206570	0	0	16338	0	16338
chr11	99568787	0	0	18513	0	18513
chr11	103703043	0	0	16417	0	16417
chr11	115715728	0	16363	0	0	16363
chr11	116870374	0	13384	0	0	13384
chr11	131690353	0	13401	0	0	13401
chr11	132079459	0	17664	0	0	17664
chr12	5493483	0	15065	0	0	15065
chr12	21601728	0	0	0	19369	19369
chr12	25160011	0	17955	0	0	17955
chr12	26645129	0	0	0	15379	15379
chr12	26782362	14516	0	0	0	14516
chr12	52079237	0	0	11646	0	11646
chr12	52595717	0	0	19665	0	19665
chr12	66032460	0	0	16997	0	16997
chr12	71128007	0	19351	0	0	19351
chr12	71328041	0	0	19762	0	19762
chr12	75146865	0	18493	0	0	18493
chr12	79117379	0	15891	0	0	15891
chr12	80593442	0	20797	0	0	20797
chr12	82519695	0	0	15613	0	15613
chr12	95214749	0	15521	0	0	15521
chr12	98291006	0	20205	0	0	20205
chr12	106685795	0	19517	0	0	19517
chr12	109763696	0	0	0	14230	14230
chr12	125618357	0	14211	0	0	14211
chr12	131030749	0	0	12932	0	12932
chr12	132023655	12848	0	0	0	12848
chr13	29381512	0	0	19028	0	19028
chr13	42036116	0	0	19714	0	19714
chr13	42240684	18435	0	0	0	18435
chr13	60142103	0	18796	0	0	18796
chr13	60439471	0	0	0	20337	20337
chr13	77138657	0	19361	0	0	19361
chr13	85373372	0	16910	0	0	16910
chr13	85427587	0	1	0	18617	18618
chr13	97288391	15432	0	0	0	15432
chr13	101324295	0	0	17856	0	17856
chr13	101837563	0	0	19331	0	19331
chr13	101854619	0	0	20347	0	20347
chr13	101932175	0	0	0	15848	15848
chr13	107545694	0	0	15651	0	15651
chr13	107614443	0	17830	0	0	17830
chr13	114254603	0	0	16845	0	16845
chr14	27096948	0	0	0	18139	18139
chr14	29794017	19429	0	0	0	19429
chr14	33560608	0	0	16158	0	16158
chr14	38902618	0	0	17949	0	17949
chr14	41647219	17426	0	0	0	17426
chr14	58866458	0	17002	0	1	17003
chr14	67543343	0	0	15851	0	15851
chr14	71596357	0	18521	0	0	18521
chr14	72043618	0	0	0	17133	17133
chr14	72792911	0	12734	0	0	12734
chr14	75696887	18413	0	0	0	18413
chr14	76153957	0	5	0	18085	18090
chr14	96345093	16808	0	0	0	16808
chr14	99815806	0	0	16578	0	16578
chr14	101772091	0	15978	0	0	15978
chr15	26642237	0	0	13724	0	13724
chr15	27163093	0	0	13420	0	13420
chr15	27350630	0	0	11907	0	11907
chr15	27791772	0	16495	0	0	16495
chr15	31581854	0	14892	1	0	14893
chr15	39607771	0	0	18499	0	18499
chr15	39799601	0	14481	0	0	14481
chr15	44013678	1	17128	0	0	17129
chr15	51102786	0	18817	0	0	18817
chr15	52760851	0	0	13741	0	13741
chr15	65333274	0	10268	0	0	10268
chr15	79042520	0	13232	0	0	13232
chr15	80115575	19571	0	0	0	19571
chr15	92613399	17088	0	0	0	17088
chr15	100716908	0	15118	0	0	15118
chr15	100814131	0	0	17518	0	17518
chr16	149567	0	0	14564	0	14564
chr16	6034615	0	0	0	14720	14720
chr16	6379558	0	0	12153	0	12153
chr16	6438926	0	0	17573	0	17573
chr16	6457927	0	15861	0	0	15861
chr16	6539222	0	0	18447	0	18447
chr16	9910458	10339	0	0	0	10339
chr16	19458933	0	0	14099	0	14099
chr16	20911700	15416	0	0	0	15416
chr16	23413206	0	0	16373	0	16373
chr16	27853798	0	13365	0	0	13365
chr16	52568377	0	0	16581	0	16581
chr16	55329190	0	8200	0	0	8200
chr16	57370498	0	0	10984	0	10984
chr16	58189462	0	16040	0	0	16040
chr16	66398998	14914	0	0	0	14914
chr16	68840239	0	14960	0	0	14960
chr16	73386067	14647	0	0	0	14647
chr16	87938481	0	0	17313	0	17313
chr17	5834703	0	17944	0	0	17944
chr17	5866063	0	0	17349	0	17349
chr17	7673802	0	13462	0	0	13462
chr17	12621615	0	0	0	20016	20016
chr17	28808409	18450	0	0	0	18450
chr17	31301370	0	0	19173	0	19173
chr17	33287817	0	0	13357	0	13357
chr17	41579989	0	11521	0	0	11521
chr17	51067636	0	0	18211	0	18211
chr17	53823345	0	0	12456	0	12456
chr17	60663388	0	16772	0	0	16772
chr17	64544026	19387	0	0	0	19387
chr17	70179283	0	0	15340	0	15340
chr17	78362732	0	17220	0	0	17220
chr18	2067928	0	0	16937	0	16937
chr18	4193999	0	0	0	16096	16096
chr18	7579277	17732	0	0	0	17732
chr18	7731753	0	18157	0	0	18157
chr18	27125186	0	0	17502	0	17502
chr18	27479420	0	0	0	13204	13204
chr18	28792727	0	0	13858	0	13858
chr18	32968807	18939	0	0	0	18939
chr18	35001085	0	16162	0	0	16162
chr18	36458917	0	13678	0	0	13678
chr18	44779472	16426	0	0	0	16426
chr18	48391046	0	14088	0	0	14088
chr18	50593212	0	0	17120	0	17120
chr18	53105846	0	17335	0	0	17335
chr18	53122862	0	19688	0	0	19688
chr18	58968498	0	0	0	13620	13620
chr18	62527782	0	0	18057	32	18089
chr18	67860350	0	0	17683	0	17683
chr18	69764027	0	18079	0	0	18079
chr18	69785965	0	0	19307	0	19307
chr18	74666478	0	0	15791	0	15791
chr18	75019013	0	18947	0	0	18947
chr19	1093607	0	0	9267	0	9267
chr19	3425123	11265	0	0	0	11265
chr19	15666453	0	0	14417	0	14417
chr19	16694405	16897	0	0	0	16897
chr19	29509553	0	0	13460	0	13460
chr19	30323707	17889	0	0	0	17889
chr19	30530988	0	13159	0	0	13159
chr19	32773283	0	17557	0	0	17557
chr19	38932504	10394	0	0	0	10394
chr19	44782374	0	0	10647	0	10647
chr19	50881682	0	0	19812	0	19812
chr19	55915778	0	14219	0	0	14219
chr2	1154701	0	0	19073	0	19073
chr2	1742960	0	0	0	10542	10542
chr2	10406468	0	12323	0	0	12323
chr2	15329122	0	0	0	17069	17069
chr2	25241701	13547	0	0	0	13547
chr2	25251367	0	8865	0	0	8865
chr2	26629585	0	0	13411	0	13411
chr2	37697692	0	15475	0	0	15475
chr2	45322516	0	16510	0	0	16510
chr2	45439862	0	0	0	17878	17878
chr2	54770891	0	0	0	14433	14433
chr2	71567135	0	0	0	14969	14969
chr2	98389058	0	0	14805	0	14805
chr2	102143159	10371	0	0	0	10371
chr2	114707074	0	0	19006	0	19006
chr2	127665413	0	0	0	14397	14397
chr2	132582239	0	0	15640	0	15640
chr2	133060545	0	0	18608	0	18608
chr2	144917388	0	0	0	17735	17735
chr2	145061824	19825	0	0	0	19825
chr2	162615022	0	0	20116	0	20116
chr2	173947911	0	0	0	18349	18349
chr2	235924482	0	0	13435	0	13435
chr2	238869095	14902	0	0	0	14902
chr20	83125	0	0	16966	0	16966
chr20	2689922	0	0	0	14470	14470
chr20	14300230	0	0	19825	0	19825
chr20	15897758	15661	0	0	0	15661
chr20	17433203	1	0	18068	0	18069
chr20	17438999	0	1	0	14629	14630
chr20	31388798	0	15815	0	0	15815
chr20	33644524	0	0	11978	0	11978
chr20	37048246	0	0	0	19207	19207
chr20	42445112	0	16970	0	0	16970
chr20	43031232	0	0	14850	0	14850
chr20	46027033	0	17207	0	0	17207
chr20	46176605	0	12772	0	0	12772
chr20	53088002	0	16575	0	0	16575
chr20	57180459	0	0	7567	0	7567
chr21	15618094	0	0	18460	0	18460
chr21	19343639	0	0	16070	0	16070
chr21	24442239	0	0	0	21556	21556
chr21	25136440	0	0	0	12977	12977
chr21	27426571	0	0	0	18571	18571
chr21	32105632	0	0	16478	0	16478
chr21	32724635	0	0	16247	0	16247
chr21	33343100	0	0	0	16162	16162
chr22	19671429	0	8140	0	7594	15734
chr22	23146941	0	16279	0	0	16279
chr22	32446726	18945	0	13	0	18958
chr22	34025088	0	0	18442	0	18442
chr22	34067533	0	0	0	15401	15401
chr22	36632626	0	0	0	15152	15152
chr22	39588782	0	0	13946	0	13946
chr22	39763307	0	0	16642	0	16642
chr22	50177619	0	12994	0	0	12994
chr22	50704303	0	0	10872	0	10872
chr3	10285215	0	17554	0	0	17554
chr3	11791441	0	0	0	17106	17106
chr3	19237681	19526	0	0	0	19526
chr3	21693754	14233	0	0	0	14233
chr3	37310467	0	0	18632	0	18632
chr3	38284916	0	0	17073	0	17073
chr3	44363269	0	0	19968	0	19968
chr3	44952729	0	14404	0	0	14404
chr3	79767152	0	0	12490	0	12490
chr3	107382386	20782	0	0	0	20782
chr3	113155227	0	0	0	17881	17881
chr3	116085338	0	17985	0	0	17985
chr3	116726256	0	18479	0	0	18479
chr3	117543855	0	20034	0	0	20034
chr3	124684464	0	14856	0	1	14857
chr3	140454496	0	16744	0	0	16744
chr3	156415939	0	15237	0	0	15237
chr3	156497298	0	0	18576	0	18576
chr3	177567328	0	0	0	18161	18161
chr3	192811966	0	17889	0	0	17889
chr4	6459102	0	15875	0	0	15875
chr4	20521698	0	17079	0	0	17079
chr4	39368569	0	0	0	17777	17777
chr4	40516043	0	13599	0	0	13599
chr4	41632702	0	14685	0	0	14685
chr4	46041809	0	21266	0	0	21266
chr4	54028492	0	0	0	19188	19188
chr4	61227827	19633	0	0	0	19633
chr4	68105471	0	0	0	18931	18931
chr4	94932782	0	0	19473	0	19473
chr4	105275204	0	15725	0	0	15725
chr4	117369082	0	16403	0	0	16403
chr4	118029843	0	0	0	19482	19482
chr4	136882056	0	0	18735	0	18735
chr4	139722579	20678	0	0	0	20678
chr4	171825435	0	0	0	18074	18074
chr4	173533424	0	0	0	15594	15594
chr4	177840335	0	0	18388	0	18388
chr5	7122445	0	0	16398	0	16398
chr5	7476150	0	0	15028	0	15028
chr5	9516855	0	0	17174	0	17174
chr5	16081001	15207	0	0	0	15207
chr5	16799180	0	0	16958	0	16958
chr5	26395126	12560	0	0	0	12560
chr5	27027008	0	19770	0	0	19770
chr5	35909655	0	0	20930	0	20930
chr5	42858784	0	15942	0	0	15942
chr5	45580010	0	0	18720	0	18720
chr5	60597295	21086	0	0	0	21086
chr5	61368607	0	0	0	18603	18603
chr5	73282578	0	0	16967	0	16967
chr5	80425361	20480	0	0	0	20480
chr5	83179950	0	0	17952	0	17952
chr5	111118182	0	0	0	21435	21435
chr5	114477338	0	0	20194	0	20194
chr5	126355471	0	0	16387	0	16387
chr5	132280512	0	0	13266	0	13266
chr5	137139894	0	14271	0	0	14271
chr5	149136585	0	15334	0	0	15334
chr5	156450715	19617	0	0	0	19617
chr5	162070088	0	0	0	16805	16805
chr5	167685565	0	0	18052	0	18052
chr5	178981641	0	0	11297	0	11297
chr6	39208712	13830	0	0	0	13830
chr6	42424894	0	0	0	18661	18661
chr6	50745106	0	0	14511	0	14511
chr6	54921023	19252	0	0	0	19252
chr6	56164611	0	0	0	19168	19168
chr6	72823822	19344	0	0	0	19344
chr6	97926608	0	17094	0	0	17094
chr6	123214387	16931	0	0	0	16931
chr6	128525222	0	17381	0	0	17381
chr6	128939397	0	0	0	17460	17460
chr6	148505123	0	0	15884	0	15884
chr6	150236254	0	0	15816	0	15816
chr6	151284044	0	0	15029	0	15029
chr6	156879739	18313	0	0	0	18313
chr6	166098026	2	0	0	12798	12800
chr6	169541880	0	0	0	14939	14939
chr7	3324741	0	0	18196	0	18196
chr7	3517174	0	0	20269	0	20269
chr7	3884930	0	13283	0	1	13284
chr7	3989636	0	14178	0	0	14178
chr7	18892701	17624	0	0	0	17624
chr7	21816505	0	16698	0	0	16698
chr7	27108877	0	0	9619	0	9619
chr7	37213242	0	0	16495	0	16495
chr7	42022250	0	18223	0	0	18223
chr7	44239171	0	0	9573	0	9573
chr7	44291059	0	0	0	15351	15351
chr7	55157734	0	14940	0	0	14940
chr7	89114094	0	15500	0	0	15500
chr7	102898017	0	0	18526	0	18526
chr7	114443108	0	0	19981	0	19981
chr7	123612453	0	17466	0	0	17466
chr7	129058902	0	20228	0	0	20228
chr7	134248169	0	0	16957	0	16957
chr7	134802240	0	0	19832	0	19832
chr7	137819873	0	16955	0	0	16955
chr7	148810344	0	0	0	14925	14925
chr7	148811627	0	17184	0	0	17184
chr7	158031014	0	15476	0	0	15476
chr8	3088430	17268	0	0	0	17268
chr8	3172437	0	0	14885	0	14885
chr8	3245358	0	0	16164	0	16164
chr8	3257804	0	0	13185	0	13185
chr8	3721952	0	0	14141	0	14141
chr8	18185701	0	0	0	17328	17328
chr8	25483968	0	0	15012	0	15012
chr8	27305102	0	0	15657	0	15657
chr8	28027962	12246	0	0	0	12246
chr8	35683818	0	0	0	17113	17113
chr8	41850923	0	0	14949	0	14949
chr8	50190656	0	0	0	17926	17926
chr8	65633841	0	0	14139	0	14139
chr8	66708097	0	0	15911	0	15911
chr8	68756692	0	0	15460	0	15460
chr8	85129252	0	0	0	18620	18620
chr8	87069790	20244	0	0	0	20244
chr8	91086921	0	0	20221	0	20221
chr8	100219126	0	0	18995	1	18996
chr8	113312898	0	0	16577	0	16577
chr8	113401478	0	21183	0	0	21183
chr8	119785904	19152	0	0	0	19152
chr8	139698313	0	12332	0	0	12332
chr9	4597502	0	0	15453	0	15453
chr9	9252386	0	0	17556	0	17556
chr9	9555526	21348	0	0	0	21348
chr9	19721212	0	18561	0	0	18561
chr9	21971029	0	7951	0	0	7951
chr9	101640362	0	17990	0	0	17990
chr9	106598206	0	0	0	18662	18662
chr9	109501997	16307	0	0	0	16307
chr9	112266538	0	0	0	21683	21683
chr9	128395001	0	0	14269	0	14269
chr9	134415169	8918	0	0	0	8918
chrX	11637021	0	0	8426	0	8426
chrX	12288772	1	0	9759	0	9760
chrX	15835476	0	0	9822	0	9822
chrX	17845322	0	9092	0	0	9092
chrX	29747945	0	0	8840	0	8840
chrX	32848180	0	0	9307	0	9307
chrX	45849345	0	11448	0	0	11448
chrX	72128810	0	0	7448	0	7448
chrX	104593414	0	0	9255	0	9255
chrX	105678895	0	7500	0	0	7500
chrX	105841353	0	0	8868	0	8868
chrX	108305108	0	8162	0	0	8162
chrX	109378360	0	0	8456	0	8456
chrX	109621230	9437	0	0	0	9437
chrX	132489973	0	3658	0	0	3658
chrX	133881186	0	9090	0	0	9090
chrX	154938339	0	0	9140	0	9140
