#CHR	POS	Count_A	Count_C	Count_G	Count_T	Good_depth
chr1	4551169	0	0	12845	0	12845
chr1	8653318	0	0	0	8629	8629
chr1	20167322	0	0	13931	0	13931
chr1	33876265	14019	0	0	0	14019
chr1	42703955	0	0	12880	0	12880
chr1	44078273	0	11096	0	0	11096
chr1	49227014	0	13712	0	0	13712
chr1	51946640	0	13877	0	0	13877
chr1	57542637	0	13469	0	0	13469
chr1	59993665	8605	0	0	0	8605
chr1	63244456	0	10944	0	0	10944
chr1	75159281	0	13562	0	0	13562
chr1	77123422	0	10924	0	0	10924
chr1	80630555	10696	0	0	0	10696
chr1	85803894	0	10469	0	0	10469
chr1	103052013	0	0	0	12379	12379
chr1	109601275	0	13010	0	0	13010
chr1	115030755	0	13414	0	0	13414
chr1	117113739	0	0	13679	0	13679
chr1	175508637	0	13528	0	0	13528
chr1	184629144	0	0	12584	0	12584
chr1	184975298	0	13649	0	0	13649
chr1	197482223	0	0	11399	0	11399
chr1	200151609	0	0	0	11075	11075
chr1	229465351	0	12467	0	0	12467
chr10	5858380	0	0	0	12959	12959
chr10	14586207	0	14318	0	0	14318
chr10	22211104	0	0	12868	0	12868
chr10	25270158	0	0	0	12156	12156
chr10	27082826	0	0	0	9643	9643
chr10	30041333	14896	0	0	0	14896
chr10	35131703	10353	0	0	0	10353
chr10	62664688	0	0	13651	0	13651
chr10	73148784	10712	0	0	0	10712
chr10	75095801	0	0	13609	0	13609
chr10	75988491	0	0	0	9634	9634
chr10	85902732	0	0	0	13773	13773
chr10	86181339	0	0	13160	0	13160
chr10	92337774	0	0	12657	0	12657
chr10	97004015	0	0	13263	0	13263
chr10	119277944	0	0	14216	0	14216
chr10	122272140	0	0	13795	0	13795
chr10	123494840	0	0	0	13968	13968
chr11	9060299	0	13989	0	0	13989
chr11	12452833	0	13268	0	0	13268
chr11	16448684	0	10504	0	0	10504
chr11	17742288	0	0	9421	0	9421
chr11	28675735	0	0	0	12500	12500
chr11	34495982	0	0	13751	0	13751
chr11	36153821	0	0	13451	0	13451
chr11	61104592	0	14318	0	0	14318
chr11	72657766	0	14188	0	0	14188
chr11	75204789	0	13561	0	0	13561
chr11	79345466	0	0	12005	0	12005
chr11	82358771	7517	0	0	0	7517
chr11	82841162	0	12189	0	0	12189
chr11	88806002	0	8789	0	0	8789
chr11	95109864	0	0	14137	0	14137
chr11	99206570	0	0	12234	0	12234
chr11	99568787	0	0	10156	0	10156
chr11	103703043	0	0	13002	0	13002
chr11	115715728	0	12923	0	0	12923
chr11	116870374	2	13430	0	0	13432
chr11	131690353	0	14205	0	0	14205
chr11	132079459	0	13722	1	0	13723
chr12	5493483	0	14305	0	0	14305
chr12	21601728	0	0	0	12840	12840
chr12	25160011	0	8329	0	0	8329
chr12	26645129	0	0	0	13352	13352
chr12	26782362	5880	0	0	0	5880
chr12	52079237	0	0	13212	0	13212
chr12	52595717	0	0	12634	0	12634
chr12	66032460	0	0	12574	0	12574
chr12	71128007	0	10982	0	0	10982
chr12	71328041	0	0	12440	0	12440
chr12	75146865	0	10760	0	0	10760
chr12	79117379	0	11824	0	0	11824
chr12	80593442	0	11234	0	0	11234
chr12	82519695	0	0	9866	0	9866
chr12	95214749	0	9124	0	0	9124
chr12	98291006	0	10364	0	0	10364
chr12	106685795	0	12881	0	0	12881
chr12	109763696	0	0	0	13845	13845
chr12	125618357	0	13120	0	0	13120
chr12	131030749	0	0	13534	0	13534
chr12	132023655	4913	0	0	0	4913
chr13	29381512	0	0	10513	0	10513
chr13	42036116	0	0	9893	0	9893
chr13	42240684	10793	0	0	0	10793
chr13	60142103	0	12875	0	0	12875
chr13	60439471	0	0	0	11579	11579
chr13	77138657	0	11194	0	0	11194
chr13	85373372	0	7833	0	0	7833
chr13	85427587	0	0	0	12354	12354
chr13	97288391	12342	0	0	0	12342
chr13	101324295	0	1	9821	0	9822
chr13	101837563	0	0	11195	0	11195
chr13	101854619	0	0	11830	0	11830
chr13	101932175	0	0	0	12686	12686
chr13	107545694	0	0	14113	0	14113
chr13	107614443	0	10657	0	0	10657
chr13	114254603	0	0	8623	0	8623
chr14	27096948	0	0	0	10555	10555
chr14	29794017	10701	0	0	0	10701
chr14	33560608	0	0	12633	0	12633
chr14	38902618	0	0	13708	0	13708
chr14	41647219	12526	0	0	0	12526
chr14	58866458	0	14517	0	0	14517
chr14	67543343	0	0	12274	0	12274
chr14	71596357	0	12880	0	0	12880
chr14	72043618	0	0	0	12214	12214
chr14	72792911	0	5929	0	0	5929
chr14	75696887	8009	0	0	0	8009
chr14	76153957	0	0	0	12482	12482
chr14	96345093	6058	0	0	0	6058
chr14	99815806	0	0	13792	0	13792
chr14	101772091	0	10771	0	0	10771
chr15	26642237	0	0	11515	0	11515
chr15	27163093	0	0	13101	0	13101
chr15	27350630	0	0	12660	0	12660
chr15	27791772	0	11283	0	0	11283
chr15	31581854	0	12937	0	0	12937
chr15	39607771	0	0	9752	0	9752
chr15	39799601	0	13507	0	0	13507
chr15	44013678	0	10600	0	0	10600
chr15	51102786	0	14530	0	0	14530
chr15	52760851	0	0	11859	0	11859
chr15	65333274	0	12437	0	0	12437
chr15	79042520	0	13695	0	0	13695
chr15	80115575	13017	0	0	0	13017
chr15	92613399	10603	0	0	0	10603
chr15	100716908	0	14005	0	0	14005
chr15	100814131	0	0	12826	0	12826
chr16	149567	0	0	13238	0	13238
chr16	6034615	0	0	0	11347	11347
chr16	6379558	0	0	10647	0	10647
chr16	6438926	0	0	13305	0	13305
chr16	6457927	0	7239	0	0	7239
chr16	6539222	0	0	11353	0	11353
chr16	9910458	5465	0	0	0	5465
chr16	19458933	0	0	12857	0	12857
chr16	20911700	11133	0	0	0	11133
chr16	23413206	0	0	12393	0	12393
chr16	27853798	0	13099	0	0	13099
chr16	52568377	0	0	11140	0	11140
chr16	55329190	0	7256	0	0	7256
chr16	57370498	0	0	9860	0	9860
chr16	58189462	0	13798	0	0	13798
chr16	66398998	13631	0	0	0	13631
chr16	68840239	0	13288	0	0	13288
chr16	73386067	10697	0	0	0	10697
chr16	87938481	0	0	14508	0	14508
chr17	5834703	0	13210	0	0	13210
chr17	5866063	0	0	13383	0	13383
chr17	7673802	0	14212	0	0	14212
chr17	12621615	0	0	0	10947	10947
chr17	28808409	13911	0	0	0	13911
chr17	31301370	0	0	11248	0	11248
chr17	33287817	0	0	14349	0	14349
chr17	41579989	0	13137	0	0	13137
chr17	51067636	0	0	11754	0	11754
chr17	53823345	0	0	13158	0	13158
chr17	60663388	0	14543	0	0	14543
chr17	64544026	13359	0	0	0	13359
chr17	70179283	0	0	9951	0	9951
chr17	78362732	0	11724	0	0	11724
chr18	2067928	0	0	13546	0	13546
chr18	4193999	0	0	0	9520	9520
chr18	7579277	12743	0	0	0	12743
chr18	7731753	0	13329	0	0	13329
chr18	27125186	0	0	8829	0	8829
chr18	27479420	0	0	0	6251	6251
chr18	28792727	0	0	9410	0	9410
chr18	32968807	8461	0	0	0	8461
chr18	35001085	0	9668	0	0	9668
chr18	36458917	0	11794	0	0	11794
chr18	44779472	13698	0	0	0	13698
chr18	48391046	0	14263	0	0	14263
chr18	50593212	0	0	13702	0	13702
chr18	53105846	0	12741	0	0	12741
chr18	53122862	0	13684	0	0	13684
chr18	58968498	0	0	0	13814	13814
chr18	62527782	0	0	11054	0	11054
chr18	67860350	0	0	13166	0	13166
chr18	69764027	0	13987	0	0	13987
chr18	69785965	0	0	11517	0	11517
chr18	74666478	0	0	14448	0	14448
chr18	75019013	0	10716	0	0	10716
chr19	1093607	0	0	10249	0	10249
chr19	3425123	13936	0	0	0	13936
chr19	15666453	0	0	12749	0	12749
chr19	16694405	10657	0	0	0	10657
chr19	29509553	0	0	14193	0	14193
chr19	30323707	14500	0	0	0	14500
chr19	30530988	0	13730	0	0	13730
chr19	32773283	0	14003	0	0	14003
chr19	38932504	12250	0	0	0	12250
chr19	44782374	0	0	13158	0	13158
chr19	50881682	0	0	11027	0	11027
chr19	55915778	0	11143	0	0	11143
chr2	1154701	0	0	12284	0	12284
chr2	1742960	0	0	0	12785	12785
chr2	10406468	0	13685	0	0	13685
chr2	15329122	0	0	0	12619	12619
chr2	25241701	14258	0	0	0	14258
chr2	25251367	0	10253	0	0	10253
chr2	26629585	0	0	13769	0	13769
chr2	37697692	0	11249	0	0	11249
chr2	45322516	0	13867	0	0	13867
chr2	45439862	0	0	0	12289	12289
chr2	54770891	0	0	0	13775	13775
chr2	71567135	0	0	0	14088	14088
chr2	98389058	0	0	14341	0	14341
chr2	102143159	12599	0	0	0	12599
chr2	114707074	0	0	14026	0	14026
chr2	127665413	0	0	0	13770	13770
chr2	132582239	0	0	12355	0	12355
chr2	133060545	0	0	12424	0	12424
chr2	144917388	0	0	0	13462	13462
chr2	145061824	12685	0	0	0	12685
chr2	162615022	0	0	9535	0	9535
chr2	173947911	0	0	0	13294	13294
chr2	235924482	0	0	13877	0	13877
chr2	238869095	13507	0	0	0	13507
chr20	83125	0	0	13448	0	13448
chr20	2689922	0	0	0	13402	13402
chr20	14300230	0	0	13002	0	13002
chr20	15897758	8576	0	0	0	8576
chr20	17433203	0	0	13096	0	13096
chr20	17438999	0	0	0	13841	13841
chr20	31388798	0	13669	0	0	13669
chr20	33644524	0	0	13624	0	13624
chr20	37048246	0	0	0	14574	14574
chr20	42445112	0	13646	0	0	13646
chr20	43031232	0	0	14345	0	14345
chr20	46027033	0	14020	0	0	14020
chr20	46176605	0	12292	0	0	12292
chr20	53088002	0	13911	0	0	13911
chr20	57180459	0	0	10211	0	10211
chr21	15618094	0	0	12636	0	12636
chr21	19343639	0	0	6700	0	6700
chr21	24442239	0	0	0	12188	12188
chr21	25136440	0	0	0	13638	13638
chr21	27426571	0	0	0	10128	10128
chr21	32105632	0	0	12697	0	12697
chr21	32724635	0	0	5806	0	5806
chr21	33343100	0	0	0	13043	13043
chr22	19671429	0	6323	0	6017	12340
chr22	23146941	0	13894	0	0	13894
chr22	32446726	13513	0	0	0	13513
chr22	34025088	0	0	14135	0	14135
chr22	34067533	0	0	0	14003	14003
chr22	36632626	0	0	0	11622	11622
chr22	39588782	0	0	13224	0	13224
chr22	39763307	0	0	12352	0	12352
chr22	50177619	0	12855	0	0	12855
chr22	50704303	0	0	12945	0	12945
chr3	10285215	0	14856	0	0	14856
chr3	11791441	0	0	0	14186	14186
chr3	19237681	12702	0	0	0	12702
chr3	21693754	7408	0	0	0	7408
chr3	37310467	0	0	11347	0	11347
chr3	38284916	0	0	14264	0	14264
chr3	44363269	0	0	11438	0	11438
chr3	44952729	0	14355	0	0	14355
chr3	79767152	0	0	13061	0	13061
chr3	107382386	13111	0	0	0	13111
chr3	113155227	0	0	0	9757	9757
chr3	116085338	0	12860	0	0	12860
chr3	116726256	0	13233	0	0	13233
chr3	117543855	0	12589	0	0	12589
chr3	124684464	0	13470	0	0	13470
chr3	140454496	0	12939	0	0	12939
chr3	156415939	0	14085	0	0	14085
chr3	156497298	0	0	13472	0	13472
chr3	177567328	0	0	0	12595	12595
chr3	192811966	0	12835	0	0	12835
chr4	6459102	0	14116	0	0	14116
chr4	20521698	0	13354	0	0	13354
chr4	39368569	0	0	0	12848	12848
chr4	40516043	0	10834	0	0	10834
chr4	41632702	1	14158	0	0	14159
chr4	46041809	0	12794	0	0	12794
chr4	54028492	0	0	0	11706	11706
chr4	61227827	13476	0	0	0	13476
chr4	68105471	0	0	0	12572	12572
chr4	94932782	0	0	10071	0	10071
chr4	105275204	0	13826	0	0	13826
chr4	117369082	0	7741	0	0	7741
chr4	118029843	0	0	0	9635	9635
chr4	136882056	0	0	13212	0	13212
chr4	139722579	11993	0	0	0	11993
chr4	171825435	0	0	0	12523	12523
chr4	173533424	0	0	0	13583	13583
chr4	177840335	0	0	12725	0	12725
chr5	7122445	0	0	13730	0	13730
chr5	7476150	0	0	10657	0	10657
chr5	9516855	0	0	13609	0	13609
chr5	16081001	13771	0	0	0	13771
chr5	16799180	0	0	12923	0	12923
chr5	26395126	6650	0	0	0	6650
chr5	27027008	0	10249	0	0	10249
chr5	35909655	0	0	12609	0	12609
chr5	42858784	0	13127	0	0	13127
chr5	45580010	0	0	13117	0	13117
chr5	60597295	9665	0	0	0	9665
chr5	61368607	0	0	0	12694	12694
chr5	73282578	0	0	14447	0	14447
chr5	80425361	13112	0	0	0	13112
chr5	83179950	0	0	12256	0	12256
chr5	111118182	0	0	0	13853	13853
chr5	114477338	0	0	10169	0	10169
chr5	126355471	0	0	13055	0	13055
chr5	132280512	0	0	13751	0	13751
chr5	137139894	0	13438	0	0	13438
chr5	149136585	0	13056	0	0	13056
chr5	156450715	9437	0	0	0	9437
chr5	162070088	0	0	0	6785	6785
chr5	167685565	0	0	13095	0	13095
chr5	178981641	0	0	13908	0	13908
chr6	39208712	13548	0	0	0	13548
chr6	42424894	0	0	0	13339	13339
chr6	50745106	0	0	13821	0	13821
chr6	54921023	9629	0	0	0	9629
chr6	56164611	0	0	0	10641	10641
chr6	72823822	12705	0	0	0	12705
chr6	97926608	0	11874	0	0	11874
chr6	123214387	9026	0	0	0	9026
chr6	128525222	0	14052	0	0	14052
chr6	128939397	0	0	0	10511	10511
chr6	148505123	0	0	14447	0	14447
chr6	150236254	0	0	13087	0	13087
chr6	151284044	0	0	13984	0	13984
chr6	156879739	13005	0	0	0	13005
chr6	166098026	0	0	0	12645	12645
chr6	169541880	0	0	0	5797	5797
chr7	3324741	0	0	11762	0	11762
chr7	3517174	0	0	13188	0	13188
chr7	3884930	0	14089	0	0	14089
chr7	3989636	0	14119	0	0	14119
chr7	18892701	11362	0	0	0	11362
chr7	21816505	0	13133	0	0	13133
chr7	27108877	0	0	9547	0	9547
chr7	37213242	0	0	13009	0	13009
chr7	42022250	0	13306	0	0	13306
chr7	44239171	0	0	13023	0	13023
chr7	44291059	0	0	0	13695	13695
chr7	55157734	0	13756	0	0	13756
chr7	89114094	0	6245	0	0	6245
chr7	102898017	0	0	10080	0	10080
chr7	114443108	0	0	12488	0	12488
chr7	123612453	0	10307	0	0	10307
chr7	129058902	0	12067	0	0	12067
chr7	134248169	0	0	13298	0	13298
chr7	134802240	0	0	9174	0	9174
chr7	137819873	0	13806	0	0	13806
chr7	148810344	0	0	0	14306	14306
chr7	148811627	0	14529	0	0	14529
chr7	158031014	0	13744	0	0	13744
chr8	3088430	12159	0	0	0	12159
chr8	3172437	0	0	13096	0	13096
chr8	3245358	0	0	14123	0	14123
chr8	3257804	0	0	13877	0	13877
chr8	3721952	0	0	13317	0	13317
chr8	18185701	0	0	0	7467	7467
chr8	25483968	0	0	7027	0	7027
chr8	27305102	0	0	13872	0	13872
chr8	28027962	4864	0	0	0	4864
chr8	35683818	0	0	0	13803	13803
chr8	41850923	0	0	13865	0	13865
chr8	50190656	0	0	0	11431	11431
chr8	65633841	0	0	13052	0	13052
chr8	66708097	0	0	8857	0	8857
chr8	68756692	0	0	5439	0	5439
chr8	85129252	0	0	0	12071	12071
chr8	87069790	12421	0	0	0	12421
chr8	91086921	0	0	11184	0	11184
chr8	100219126	0	0	13491	0	13491
chr8	113312898	0	0	8505	0	8505
chr8	113401478	0	10784	0	0	10784
chr8	119785904	9804	0	0	0	9804
chr8	139698313	0	13494	0	0	13494
chr9	4597502	0	0	10378	0	10378
chr9	9252386	2	0	12364	0	12366
chr9	9555526	12498	0	0	0	12498
chr9	19721212	0	11173	0	0	11173
chr9	21971029	0	11041	0	0	11041
chr9	101640362	0	13610	0	0	13610
chr9	106598206	0	0	0	12057	12057
chr9	109501997	13720	0	0	0	13720
chr9	112266538	0	0	0	11430	11430
chr9	128395001	0	0	13923	0	13923
chr9	134415169	12597	0	0	0	12597
chrX	11637021	0	0	3995	0	3995
chrX	12288772	0	0	13239	0	13239
chrX	15835476	0	0	12022	0	12022
chrX	17845322	0	13977	0	0	13977
chrX	29747945	0	0	11700	0	11700
chrX	32848180	0	0	13412	0	13412
chrX	45849345	0	12238	0	0	12238
chrX	72128810	0	0	14766	0	14766
chrX	104593414	0	0	11646	0	11646
chrX	105678895	0	7045	0	0	7045
chrX	105841353	0	0	12010	0	12010
chrX	108305108	0	13759	0	0	13759
chrX	109378360	0	0	13944	0	13944
chrX	109621230	13906	0	0	0	13906
chrX	132489973	0	10633	0	0	10633
chrX	133881186	0	13445	0	0	13445
chrX	154938339	0	0	10945	0	10945
