#CHR	POS	Count_A	Count_C	Count_G	Count_T	Good_depth
chr1	4551169	0	0	18677	0	18677
chr1	8653318	0	0	0	12559	12559
chr1	20167322	0	0	19893	0	19893
chr1	33876265	20550	0	0	0	20550
chr1	42703955	0	0	20120	0	20120
chr1	44078273	0	16680	0	0	16680
chr1	49227014	0	20727	0	0	20727
chr1	51946640	0	20959	0	0	20959
chr1	57542637	0	19839	0	0	19839
chr1	59993665	13419	0	0	0	13419
chr1	63244456	0	16500	0	0	16500
chr1	75159281	0	21658	0	0	21658
chr1	77123422	0	17430	0	0	17430
chr1	80630555	16343	0	0	0	16343
chr1	85803894	0	16583	0	0	16583
chr1	103052013	0	0	0	19918	19918
chr1	109601275	0	19505	0	0	19505
chr1	115030755	0	21684	0	0	21684
chr1	117113739	0	0	20488	0	20488
chr1	175508637	0	20419	0	0	20419
chr1	184629144	0	0	18455	0	18455
chr1	184975298	0	21340	0	0	21340
chr1	197482223	0	0	17345	0	17345
chr1	200151609	0	0	0	16825	16825
chr1	229465351	0	19193	0	0	19193
chr10	5858380	0	0	0	19805	19805
chr10	14586207	0	21505	0	0	21505
chr10	22211104	0	0	19765	0	19765
chr10	25270158	0	0	0	18306	18306
chr10	27082826	0	0	0	14802	14802
chr10	30041333	22335	0	0	0	22335
chr10	35131703	16388	0	0	0	16388
chr10	62664688	0	0	20605	0	20605
chr10	73148784	16547	0	0	0	16547
chr10	75095801	0	0	18733	0	18733
chr10	75988491	0	0	0	14645	14645
chr10	85902732	0	0	0	20640	20640
chr10	86181339	0	0	18309	0	18309
chr10	92337774	0	0	19304	0	19304
chr10	97004015	0	0	19194	0	19194
chr10	119277944	0	0	21773	0	21773
chr10	122272140	0	0	19888	0	19888
chr10	123494840	0	0	0	19117	19117
chr11	9060299	0	21016	0	0	21016
chr11	12452833	0	19075	0	0	19075
chr11	16448684	0	16225	0	0	16225
chr11	17742288	0	0	13069	0	13069
chr11	28675735	0	0	0	19163	19163
chr11	34495982	0	0	20248	0	20248
chr11	36153821	0	0	19491	0	19491
chr11	61104592	0	20049	0	0	20049
chr11	72657766	0	19190	0	0	19190
chr11	75204789	0	19128	0	0	19128
chr11	79345466	0	0	18098	0	18098
chr11	82358771	11471	0	0	0	11471
chr11	82841162	0	14153	0	0	14153
chr11	88806002	0	13085	0	0	13085
chr11	95109864	0	0	20345	0	20345
chr11	99206570	0	0	11239	0	11239
chr11	99568787	0	0	15718	0	15718
chr11	103703043	0	0	18318	0	18318
chr11	115715728	0	19031	0	0	19031
chr11	116870374	3	19249	0	0	19252
chr11	131690353	0	19865	0	0	19865
chr11	132079459	0	20685	0	0	20685
chr12	5493483	0	20674	0	0	20674
chr12	21601728	0	0	0	20315	20315
chr12	25160011	0	11296	0	0	11296
chr12	26645129	0	0	0	19763	19763
chr12	26782362	7932	0	0	0	7932
chr12	52079237	0	0	18986	0	18986
chr12	52595717	0	0	19400	0	19400
chr12	66032460	0	0	19289	0	19289
chr12	71128007	0	16944	0	0	16944
chr12	71328041	0	0	19256	0	19256
chr12	75146865	0	17051	0	0	17051
chr12	79117379	0	18062	0	0	18062
chr12	80593442	0	17329	0	0	17329
chr12	82519695	0	0	15182	0	15182
chr12	95214749	0	13994	0	0	13994
chr12	98291006	0	15825	0	0	15825
chr12	106685795	0	19793	0	0	19793
chr12	109763696	0	0	0	19539	19539
chr12	125618357	0	19692	0	0	19692
chr12	131030749	1	0	19826	0	19827
chr12	132023655	7018	0	0	0	7018
chr13	29381512	0	0	16366	0	16366
chr13	42036116	0	0	15078	0	15078
chr13	42240684	16284	0	0	0	16284
chr13	60142103	0	19894	0	0	19894
chr13	60439471	0	0	0	18244	18244
chr13	77138657	0	17450	0	0	17450
chr13	85373372	0	11417	0	0	11417
chr13	85427587	0	0	0	19272	19272
chr13	97288391	18576	0	0	0	18576
chr13	101324295	0	0	14205	0	14205
chr13	101837563	0	0	17251	0	17251
chr13	101854619	0	0	18296	0	18296
chr13	101932175	0	0	0	18941	18941
chr13	107545694	0	0	20844	0	20844
chr13	107614443	0	15751	0	0	15751
chr13	114254603	0	0	12796	0	12796
chr14	27096948	0	0	0	15744	15744
chr14	29794017	16816	0	0	0	16816
chr14	33560608	0	0	19421	0	19421
chr14	38902618	0	0	20683	0	20683
chr14	41647219	19091	0	0	0	19091
chr14	58866458	0	21737	0	0	21737
chr14	67543343	0	0	18239	0	18239
chr14	71596357	0	20053	0	0	20053
chr14	72043618	0	0	0	18253	18253
chr14	72792911	0	9077	0	0	9077
chr14	75696887	11853	0	0	0	11853
chr14	76153957	0	0	0	19327	19327
chr14	96345093	8679	0	0	0	8679
chr14	99815806	0	0	20382	0	20382
chr14	101772091	0	16120	0	0	16120
chr15	26642237	0	0	16567	0	16567
chr15	27163093	0	0	18801	0	18801
chr15	27350630	0	0	18088	0	18088
chr15	27791772	0	16517	0	0	16517
chr15	31581854	0	18999	0	0	18999
chr15	39607771	0	0	14923	0	14923
chr15	39799601	0	20146	0	0	20146
chr15	44013678	0	16436	0	0	16436
chr15	51102786	0	22056	0	0	22056
chr15	52760851	0	0	17895	0	17895
chr15	65333274	0	17330	0	0	17330
chr15	79042520	0	19056	0	0	19056
chr15	80115575	20038	0	0	0	20038
chr15	92613399	15043	0	0	0	15043
chr15	100716908	0	20741	0	0	20741
chr15	100814131	0	0	19222	0	19222
chr16	149567	0	0	19753	0	19753
chr16	6034615	0	0	0	17043	17043
chr16	6379558	1	0	14989	0	14990
chr16	6438926	0	0	19694	0	19694
chr16	6457927	0	10203	0	0	10203
chr16	6539222	0	0	16568	0	16568
chr16	9910458	8555	0	0	0	8555
chr16	19458933	0	0	19629	0	19629
chr16	20911700	16431	0	0	0	16431
chr16	23413206	0	0	18618	0	18618
chr16	27853798	0	18493	0	0	18493
chr16	52568377	0	0	16817	0	16817
chr16	55329190	0	9780	0	0	9780
chr16	57370498	0	0	13831	0	13831
chr16	58189462	0	20805	0	0	20805
chr16	66398998	20028	0	0	0	20028
chr16	68840239	0	19503	0	0	19503
chr16	73386067	16168	0	0	0	16168
chr16	87938481	0	0	22426	0	22426
chr17	5834703	0	20765	0	0	20765
chr17	5866063	0	0	20367	0	20367
chr17	7673802	0	20289	0	0	20289
chr17	12621615	0	0	0	17445	17445
chr17	28808409	21310	0	0	0	21310
chr17	31301370	0	0	17416	0	17416
chr17	33287817	0	0	20429	0	20429
chr17	41579989	0	19070	0	1	19071
chr17	51067636	0	0	18416	0	18416
chr17	53823345	1	0	19067	0	19068
chr17	60663388	0	22703	0	0	22703
chr17	64544026	20413	0	0	0	20413
chr17	70179283	0	0	15845	0	15845
chr17	78362732	0	17729	0	0	17729
chr18	2067928	0	0	20278	0	20278
chr18	4193999	0	0	0	14632	14632
chr18	7579277	19104	0	0	0	19104
chr18	7731753	0	20385	0	0	20385
chr18	27125186	0	0	13423	0	13423
chr18	27479420	0	0	0	9128	9128
chr18	28792727	0	0	13981	0	13981
chr18	32968807	12975	0	0	0	12975
chr18	35001085	0	14252	0	0	14252
chr18	36458917	0	18226	0	0	18226
chr18	44779472	20443	0	0	0	20443
chr18	48391046	0	20636	0	0	20636
chr18	50593212	0	0	21222	0	21222
chr18	53105846	0	19533	0	0	19533
chr18	53122862	0	21439	0	0	21439
chr18	58968498	0	0	0	20297	20297
chr18	62527782	0	0	17280	0	17280
chr18	67860350	0	0	20385	0	20385
chr18	69764027	0	21159	0	0	21159
chr18	69785965	1	0	17871	0	17872
chr18	74666478	0	0	21519	0	21519
chr18	75019013	0	17371	0	0	17371
chr19	1093607	0	0	14090	0	14090
chr19	3425123	19376	0	0	0	19376
chr19	15666453	0	0	17043	0	17043
chr19	16694405	15582	0	0	0	15582
chr19	29509553	0	0	19992	0	19992
chr19	30323707	21749	0	0	0	21749
chr19	30530988	0	19583	0	0	19583
chr19	32773283	0	20751	0	0	20751
chr19	38932504	17956	0	0	0	17956
chr19	44782374	0	0	18292	0	18292
chr19	50881682	0	0	16608	0	16608
chr19	55915778	0	16544	0	0	16544
chr2	1154701	0	0	18217	0	18217
chr2	1742960	0	0	0	17590	17590
chr2	10406468	0	20089	0	0	20089
chr2	15329122	0	0	0	18886	18886
chr2	25241701	20196	0	0	0	20196
chr2	25251367	0	14160	0	0	14160
chr2	26629585	0	0	19668	0	19668
chr2	37697692	0	16466	0	0	16466
chr2	45322516	0	20108	0	0	20108
chr2	45439862	0	0	0	18406	18406
chr2	54770891	0	0	0	20486	20486
chr2	71567135	0	0	0	20278	20278
chr2	98389058	0	0	20530	0	20530
chr2	102143159	17212	0	0	0	17212
chr2	114707074	0	0	21676	0	21676
chr2	127665413	0	0	0	20161	20161
chr2	132582239	0	0	18079	0	18079
chr2	133060545	0	0	19120	0	19120
chr2	144917388	0	0	0	20937	20937
chr2	145061824	19724	0	0	0	19724
chr2	162615022	0	0	14648	0	14648
chr2	173947911	0	0	0	21401	21401
chr2	235924482	1	0	20007	0	20008
chr2	238869095	20090	0	0	0	20090
chr20	83125	0	0	20654	0	20654
chr20	2689922	0	0	0	19656	19656
chr20	14300230	0	0	20147	0	20147
chr20	15897758	12861	0	0	0	12861
chr20	17433203	0	0	19834	0	19834
chr20	17438999	0	0	0	20540	20540
chr20	31388798	0	20226	0	0	20226
chr20	33644524	0	0	19124	0	19124
chr20	37048246	0	0	0	22542	22542
chr20	42445112	0	20577	0	0	20577
chr20	43031232	0	0	20747	0	20747
chr20	46027033	0	20291	0	0	20291
chr20	46176605	0	17176	0	0	17176
chr20	53088002	0	20768	0	0	20768
chr20	57180459	0	0	14124	0	14124
chr21	15618094	0	0	19415	0	19415
chr21	19343639	0	0	10178	0	10178
chr21	24442239	0	0	0	19927	19927
chr21	25136440	0	0	0	20101	20101
chr21	27426571	0	0	0	15690	15690
chr21	32105632	1	0	19064	0	19065
chr21	32724635	0	1	7382	0	7383
chr21	33343100	0	0	0	19993	19993
chr22	19671429	0	18768	0	1	18769
chr22	23146941	0	20807	0	0	20807
chr22	32446726	20522	0	0	0	20522
chr22	34025088	0	0	21124	0	21124
chr22	34067533	0	0	0	20274	20274
chr22	36632626	0	0	0	18397	18397
chr22	39588782	0	0	19151	0	19151
chr22	39763307	0	0	18312	0	18312
chr22	50177619	0	18766	0	0	18766
chr22	50704303	0	0	17935	0	17935
chr3	10285215	0	22425	0	0	22425
chr3	11791441	0	0	0	20512	20512
chr3	19237681	19550	0	0	0	19550
chr3	21693754	11070	0	0	0	11070
chr3	37310467	0	0	17486	0	17486
chr3	38284916	0	0	21188	0	21188
chr3	44363269	0	0	18011	0	18011
chr3	44952729	0	20903	0	0	20903
chr3	79767152	0	0	19445	0	19445
chr3	107382386	20409	0	0	0	20409
chr3	113155227	0	0	0	14455	14455
chr3	116085338	0	19540	0	0	19540
chr3	116726256	0	20092	0	0	20092
chr3	117543855	0	19056	0	0	19056
chr3	124684464	0	19611	0	0	19611
chr3	140454496	0	18920	0	0	18920
chr3	156415939	0	20712	0	0	20712
chr3	156497298	0	0	21231	0	21231
chr3	177567328	0	0	0	18947	18947
chr3	192811966	0	19019	0	0	19019
chr4	6459102	0	20740	0	0	20740
chr4	20521698	0	20912	0	0	20912
chr4	39368569	0	0	0	19642	19642
chr4	40516043	0	16311	0	0	16311
chr4	41632702	0	20572	0	0	20572
chr4	46041809	0	21335	0	0	21335
chr4	54028492	0	0	0	19061	19061
chr4	61227827	20949	0	0	0	20949
chr4	68105471	0	0	0	19689	19689
chr4	94932782	0	0	15868	0	15868
chr4	105275204	0	21299	0	0	21299
chr4	117369082	0	11448	0	0	11448
chr4	118029843	0	0	0	15089	15089
chr4	136882056	0	0	20228	0	20228
chr4	139722579	18635	0	0	0	18635
chr4	171825435	0	0	0	17493	17493
chr4	173533424	0	0	0	20127	20127
chr4	177840335	0	0	19125	0	19125
chr5	7122445	0	0	20846	0	20846
chr5	7476150	0	0	15916	0	15916
chr5	9516855	0	0	20859	0	20859
chr5	16081001	20584	0	0	0	20584
chr5	16799180	0	0	20105	0	20105
chr5	26395126	9273	0	0	0	9273
chr5	27027008	0	16304	0	0	16304
chr5	35909655	0	0	20295	0	20295
chr5	42858784	0	19701	0	0	19701
chr5	45580010	0	0	19772	0	19772
chr5	60597295	14956	0	0	0	14956
chr5	61368607	0	0	0	20449	20449
chr5	73282578	0	0	21458	0	21458
chr5	80425361	21252	0	0	0	21252
chr5	83179950	0	0	18709	0	18709
chr5	111118182	0	0	0	21760	21760
chr5	114477338	0	0	15918	0	15918
chr5	126355471	0	0	19859	0	19859
chr5	132280512	0	0	19713	0	19713
chr5	137139894	0	19217	0	0	19217
chr5	149136585	0	19293	0	0	19293
chr5	156450715	14884	0	0	0	14884
chr5	162070088	0	0	0	10468	10468
chr5	167685565	0	0	20191	0	20191
chr5	178981641	0	0	19547	0	19547
chr6	39208712	19730	0	0	0	19730
chr6	42424894	0	0	0	20631	20631
chr6	50745106	0	0	20233	0	20233
chr6	54921023	18698	0	0	0	18698
chr6	56164611	0	0	0	16354	16354
chr6	72823822	19743	0	0	0	19743
chr6	97926608	0	18404	0	0	18404
chr6	123214387	13245	0	0	0	13245
chr6	128525222	0	21832	0	0	21832
chr6	128939397	0	0	0	16053	16053
chr6	148505123	0	0	21450	0	21450
chr6	150236254	0	0	19053	0	19053
chr6	151284044	0	0	20268	0	20268
chr6	156879739	19930	0	0	0	19930
chr6	166098026	0	0	0	17878	17878
chr6	169541880	0	0	0	8583	8583
chr7	3324741	0	0	18230	0	18230
chr7	3517174	0	0	21015	0	21015
chr7	3884930	0	19874	0	0	19874
chr7	3989636	0	19802	0	0	19802
chr7	18892701	17214	0	0	0	17214
chr7	21816505	0	20039	0	0	20039
chr7	27108877	0	0	13637	0	13637
chr7	37213242	0	0	19800	0	19800
chr7	42022250	0	21164	0	0	21164
chr7	44239171	0	0	16782	0	16782
chr7	44291059	0	0	0	19913	19913
chr7	55157734	0	19921	0	0	19921
chr7	89114094	0	9822	0	0	9822
chr7	102898017	0	0	14752	0	14752
chr7	114443108	0	0	19650	0	19650
chr7	123612453	0	15102	0	0	15102
chr7	129058902	0	18910	0	0	18910
chr7	134248169	0	0	19670	0	19670
chr7	134802240	0	0	14942	0	14942
chr7	137819873	0	20728	0	0	20728
chr7	148810344	0	0	0	20839	20839
chr7	148811627	0	22002	0	0	22002
chr7	158031014	0	19955	0	0	19955
chr8	3088430	18388	0	0	0	18388
chr8	3172437	0	0	19675	0	19675
chr8	3245358	0	0	21025	0	21025
chr8	3257804	1	0	20076	0	20077
chr8	3721952	2	0	19742	0	19744
chr8	18185701	0	0	0	12370	12370
chr8	25483968	0	0	10451	0	10451
chr8	27305102	0	0	20399	0	20399
chr8	28027962	7271	0	0	0	7271
chr8	35683818	0	0	0	20830	20830
chr8	41850923	0	0	20316	0	20316
chr8	50190656	0	0	0	17219	17219
chr8	65633841	0	0	19444	0	19444
chr8	66708097	0	0	13302	0	13302
chr8	68756692	0	0	7953	0	7953
chr8	85129252	0	0	0	18734	18734
chr8	87069790	18953	0	0	0	18953
chr8	91086921	0	0	17271	0	17271
chr8	100219126	0	0	21207	0	21207
chr8	113312898	0	0	12622	0	12622
chr8	113401478	0	16758	0	0	16758
chr8	119785904	14869	0	0	0	14869
chr8	139698313	0	19117	0	0	19117
chr9	4597502	0	0	16854	0	16854
chr9	9252386	0	0	18384	0	18384
chr9	9555526	20188	0	0	0	20188
chr9	19721212	0	17040	0	0	17040
chr9	21971029	0	15132	0	0	15132
chr9	101640362	0	20806	0	0	20806
chr9	106598206	0	0	0	18258	18258
chr9	109501997	20263	0	0	0	20263
chr9	112266538	0	0	0	18282	18282
chr9	128395001	0	0	20036	0	20036
chr9	134415169	16805	0	0	0	16805
chrX	11637021	0	0	6036	0	6036
chrX	12288772	0	0	19991	0	19991
chrX	15835476	0	0	18904	0	18904
chrX	17845322	0	20879	0	0	20879
chrX	29747945	0	0	17200	0	17200
chrX	32848180	0	0	20774	0	20774
chrX	45849345	0	19258	0	0	19258
chrX	72128810	0	0	21019	0	21019
chrX	104593414	0	0	17793	0	17793
chrX	105678895	0	10285	0	0	10285
chrX	105841353	0	0	18467	0	18467
chrX	108305108	0	20419	0	0	20419
chrX	109378360	0	0	20576	0	20576
chrX	109621230	21795	0	0	0	21795
chrX	132489973	0	14103	0	0	14103
chrX	133881186	0	20853	0	0	20853
chrX	154938339	0	0	17270	0	17270
