#CHR	POS	Count_A	Count_C	Count_G	Count_T	Good_depth
chr1	4551169	0	0	13854	0	13854
chr1	8653318	0	0	0	8900	8900
chr1	20167322	0	0	16433	0	16433
chr1	33876265	16186	0	0	0	16186
chr1	42703955	0	0	14848	0	14848
chr1	44078273	0	11933	0	0	11933
chr1	49227014	0	15832	0	0	15832
chr1	51946640	0	16265	0	0	16265
chr1	57542637	0	14743	0	0	14743
chr1	59993665	9131	0	0	0	9131
chr1	63244456	0	11336	0	0	11336
chr1	75159281	0	15752	0	0	15752
chr1	77123422	0	11604	0	0	11604
chr1	80630555	10756	0	0	0	10756
chr1	85803894	0	11513	0	0	11513
chr1	103052013	0	0	0	13757	13757
chr1	109601275	0	13548	0	0	13548
chr1	115030755	0	15171	0	0	15171
chr1	117113739	0	0	15892	0	15892
chr1	175508637	0	16152	0	0	16152
chr1	184629144	0	0	13676	0	13676
chr1	184975298	0	15683	0	0	15683
chr1	197482223	0	0	11297	0	11297
chr1	200151609	0	0	0	11220	11220
chr1	229465351	0	12899	0	0	12899
chr10	5858380	0	0	0	14290	14290
chr10	14586207	0	16205	0	0	16205
chr10	22211104	0	0	13517	0	13517
chr10	25270158	0	0	0	13053	13053
chr10	27082826	0	0	0	9790	9790
chr10	30041333	17307	0	0	0	17307
chr10	35131703	11167	0	0	0	11167
chr10	62664688	0	0	15598	0	15598
chr10	73148784	10961	0	0	0	10961
chr10	75095801	0	0	15924	0	15924
chr10	75988491	0	0	0	10767	10767
chr10	85902732	0	0	0	15254	15254
chr10	86181339	0	0	15166	0	15166
chr10	92337774	0	0	14358	0	14358
chr10	97004015	0	0	15660	0	15660
chr10	119277944	0	0	16520	0	16520
chr10	122272140	0	0	15758	0	15758
chr10	123494840	0	0	0	16435	16435
chr11	9060299	0	16532	0	0	16532
chr11	12452833	0	15406	0	0	15406
chr11	16448684	0	10771	0	0	10771
chr11	17742288	0	0	10242	0	10242
chr11	28675735	0	0	0	13551	13551
chr11	34495982	0	0	16456	0	16456
chr11	36153821	0	1	15033	0	15034
chr11	61104592	0	16646	0	0	16646
chr11	72657766	0	16546	0	0	16546
chr11	75204789	0	16043	0	0	16043
chr11	79345466	0	0	12809	0	12809
chr11	82358771	7023	0	0	0	7023
chr11	82841162	0	5899	0	0	5899
chr11	88806002	0	7903	0	0	7903
chr11	95109864	0	0	16866	0	16866
chr11	99206570	0	0	7994	0	7994
chr11	99568787	0	0	10500	0	10500
chr11	103703043	0	0	14458	0	14458
chr11	115715728	0	14259	0	0	14259
chr11	116870374	0	15477	0	0	15477
chr11	131690353	0	16658	0	0	16658
chr11	132079459	0	15462	0	0	15462
chr12	5493483	0	16789	0	0	16789
chr12	21601728	0	0	0	14802	14802
chr12	25160011	0	8386	0	0	8386
chr12	26645129	0	0	0	14896	14896
chr12	26782362	4584	0	0	0	4584
chr12	52079237	0	0	15060	0	15060
chr12	52595717	0	0	14206	0	14206
chr12	66032460	0	0	13887	0	13887
chr12	71128007	0	11158	0	0	11158
chr12	71328041	0	0	13944	0	13944
chr12	75146865	0	11278	0	0	11278
chr12	79117379	0	14156	0	0	14156
chr12	80593442	0	11598	0	0	11598
chr12	82519695	0	0	9800	0	9800
chr12	95214749	0	9193	0	0	9193
chr12	98291006	0	10617	0	0	10617
chr12	106685795	0	14228	0	0	14228
chr12	109763696	0	0	0	15591	15591
chr12	125618357	0	15481	0	0	15481
chr12	131030749	0	0	16456	0	16456
chr12	132023655	3991	0	0	0	3991
chr13	29381512	0	0	11142	0	11142
chr13	42036116	0	0	9402	0	9402
chr13	42240684	11174	0	0	0	11174
chr13	60142103	0	13805	0	0	13805
chr13	60439471	0	0	0	11914	11914
chr13	77138657	0	11494	0	0	11494
chr13	85373372	0	7198	0	0	7198
chr13	85427587	0	0	0	13410	13410
chr13	97288391	13637	0	0	0	13637
chr13	101324295	0	0	9268	0	9268
chr13	101837563	0	0	11597	0	11597
chr13	101854619	0	0	11480	0	11480
chr13	101932175	0	0	0	14582	14582
chr13	107545694	0	0	16223	0	16223
chr13	107614443	0	10567	0	0	10567
chr13	114254603	0	0	8114	0	8114
chr14	27096948	0	0	0	10630	10630
chr14	29794017	10918	0	0	0	10918
chr14	33560608	0	0	13296	0	13296
chr14	38902618	0	0	15809	0	15809
chr14	41647219	14247	0	0	0	14247
chr14	58866458	0	16995	0	0	16995
chr14	67543343	0	0	13344	0	13344
chr14	71596357	0	14188	0	0	14188
chr14	72043618	0	0	0	12854	12854
chr14	72792911	0	5285	0	0	5285
chr14	75696887	7250	0	0	0	7250
chr14	76153957	0	0	0	13456	13456
chr14	96345093	4976	0	0	0	4976
chr14	99815806	0	0	16161	0	16161
chr14	101772091	0	10895	0	0	10895
chr15	26642237	0	0	12658	0	12658
chr15	27163093	0	0	15576	0	15576
chr15	27350630	0	0	14556	0	14556
chr15	27791772	0	10783	0	0	10783
chr15	31581854	0	14477	0	0	14477
chr15	39607771	0	0	9524	0	9524
chr15	39799601	0	15893	0	0	15893
chr15	44013678	0	11477	0	0	11477
chr15	51102786	0	17089	0	0	17089
chr15	52760851	0	0	13311	0	13311
chr15	65333274	0	14035	0	0	14035
chr15	79042520	0	15497	0	0	15497
chr15	80115575	13538	0	0	0	13538
chr15	92613399	10075	0	0	0	10075
chr15	100716908	0	16565	0	0	16565
chr15	100814131	0	0	14602	0	14602
chr16	149567	0	0	15045	0	15045
chr16	6034615	0	0	0	12363	12363
chr16	6379558	0	0	10947	0	10947
chr16	6438926	0	0	14351	0	14351
chr16	6457927	0	8319	0	0	8319
chr16	6539222	0	0	12103	0	12103
chr16	9910458	5041	0	0	0	5041
chr16	19458933	0	0	15388	0	15388
chr16	20911700	11235	0	0	0	11235
chr16	23413206	0	0	13156	0	13156
chr16	27853798	0	15282	0	0	15282
chr16	52568377	0	0	11452	0	11452
chr16	55329190	0	6638	0	0	6638
chr16	57370498	0	0	11118	0	11118
chr16	58189462	0	16189	0	0	16189
chr16	66398998	15798	0	0	0	15798
chr16	68840239	0	14988	0	0	14988
chr16	73386067	11428	0	0	0	11428
chr16	87938481	0	0	17561	0	17561
chr17	5834703	0	15471	0	0	15471
chr17	5866063	0	0	15603	0	15603
chr17	7673802	0	17008	0	0	17008
chr17	12621615	0	0	0	11313	11313
chr17	28808409	16023	0	0	0	16023
chr17	31301370	0	0	10939	0	10939
chr17	33287817	0	0	17070	0	17070
chr17	41579989	0	15849	0	0	15849
chr17	51067636	0	0	12387	0	12387
chr17	53823345	1	0	15234	0	15235
chr17	60663388	0	17529	0	0	17529
chr17	64544026	14818	0	0	0	14818
chr17	70179283	0	0	11043	0	11043
chr17	78362732	0	12595	0	0	12595
chr18	2067928	0	0	15308	0	15308
chr18	4193999	0	0	0	9423	9423
chr18	7579277	13866	0	0	0	13866
chr18	7731753	0	14915	0	0	14915
chr18	27125186	0	0	8529	0	8529
chr18	27479420	0	0	0	5798	5798
chr18	28792727	0	0	9916	0	9916
chr18	32968807	8354	0	0	0	8354
chr18	35001085	0	9275	0	0	9275
chr18	36458917	0	13389	0	0	13389
chr18	44779472	15485	0	0	0	15485
chr18	48391046	0	16695	0	0	16695
chr18	50593212	0	0	15585	0	15585
chr18	53105846	0	14034	0	0	14034
chr18	53122862	0	16082	0	0	16082
chr18	58968498	0	0	0	15707	15707
chr18	62527782	0	0	11072	0	11072
chr18	67860350	0	0	15132	0	15132
chr18	69764027	0	15817	0	0	15817
chr18	69785965	0	0	12764	0	12764
chr18	74666478	0	0	16483	0	16483
chr18	75019013	0	11570	0	0	11570
chr19	1093607	0	0	11068	0	11068
chr19	3425123	16306	0	0	0	16306
chr19	15666453	0	0	13103	0	13103
chr19	16694405	10524	0	0	0	10524
chr19	29509553	0	0	17238	0	17238
chr19	30323707	17026	0	0	0	17026
chr19	30530988	0	16219	0	0	16219
chr19	32773283	0	16553	0	0	16553
chr19	38932504	14667	0	0	0	14667
chr19	44782374	0	0	15547	0	15547
chr19	50881682	0	0	11265	0	11265
chr19	55915778	0	12391	0	0	12391
chr2	1154701	0	0	12941	0	12941
chr2	1742960	0	0	0	14362	14362
chr2	10406468	0	16030	0	0	16030
chr2	15329122	0	0	0	13511	13511
chr2	25241701	17071	0	0	0	17071
chr2	25251367	0	11490	0	0	11490
chr2	26629585	0	0	15683	0	15683
chr2	37697692	0	11235	0	0	11235
chr2	45322516	0	16079	0	0	16079
chr2	45439862	0	0	0	13026	13026
chr2	54770891	0	0	0	16158	16158
chr2	71567135	0	0	0	16203	16203
chr2	98389058	0	0	16386	0	16386
chr2	102143159	14724	0	0	0	14724
chr2	114707074	0	0	16455	0	16455
chr2	127665413	0	0	0	15970	15970
chr2	132582239	0	0	13163	0	13163
chr2	133060545	0	0	12937	0	12937
chr2	144917388	0	0	0	15405	15405
chr2	145061824	13954	0	0	0	13954
chr2	162615022	0	0	9675	0	9675
chr2	173947911	0	0	0	15160	15160
chr2	235924482	0	0	16141	0	16141
chr2	238869095	16365	0	0	0	16365
chr20	83125	0	0	15962	0	15962
chr20	2689922	0	0	0	15083	15083
chr20	14300230	0	0	14206	0	14206
chr20	15897758	8159	0	0	0	8159
chr20	17433203	0	0	14112	0	14112
chr20	17438999	0	0	0	16433	16433
chr20	31388798	0	15399	0	0	15399
chr20	33644524	0	0	16406	0	16406
chr20	37048246	0	0	0	17279	17279
chr20	42445112	0	15601	0	0	15601
chr20	43031232	0	0	16741	0	16741
chr20	46027033	0	15525	0	0	15525
chr20	46176605	0	13379	0	0	13379
chr20	53088002	0	16085	0	0	16085
chr20	57180459	0	0	11598	0	11598
chr21	15618094	0	0	13445	0	13445
chr21	19343639	0	0	6227	0	6227
chr21	24442239	0	0	0	13542	13542
chr21	25136440	0	0	0	15923	15923
chr21	27426571	0	0	0	10113	10113
chr21	32105632	0	0	14222	0	14222
chr21	32724635	0	0	4261	0	4261
chr21	33343100	0	0	0	15464	15464
chr22	19671429	0	13713	0	0	13713
chr22	23146941	0	16502	0	0	16502
chr22	32446726	15460	0	0	0	15460
chr22	34025088	0	0	16844	0	16844
chr22	34067533	0	0	0	15894	15894
chr22	36632626	0	0	0	12646	12646
chr22	39588782	0	0	15856	0	15856
chr22	39763307	0	0	13201	0	13201
chr22	50177619	0	15820	0	0	15820
chr22	50704303	0	0	15238	0	15238
chr3	10285215	0	17625	0	0	17625
chr3	11791441	0	0	0	16225	16225
chr3	19237681	14110	0	0	0	14110
chr3	21693754	7408	0	0	0	7408
chr3	37310467	0	0	11598	0	11598
chr3	38284916	0	0	16311	0	16311
chr3	44363269	0	0	12679	0	12679
chr3	44952729	0	16946	0	0	16946
chr3	79767152	0	0	15023	0	15023
chr3	107382386	15172	0	0	0	15172
chr3	113155227	0	0	0	9156	9156
chr3	116085338	0	14326	0	0	14326
chr3	116726256	0	14597	0	0	14597
chr3	117543855	0	13637	0	0	13637
chr3	124684464	0	15380	0	0	15380
chr3	140454496	0	13677	0	0	13677
chr3	156415939	0	16507	0	0	16507
chr3	156497298	0	0	15904	0	15904
chr3	177567328	0	0	0	13601	13601
chr3	192811966	0	13507	0	0	13507
chr4	6459102	0	16293	0	0	16293
chr4	20521698	0	15620	0	0	15620
chr4	39368569	0	0	0	14954	14954
chr4	40516043	0	12019	0	0	12019
chr4	41632702	0	16340	0	0	16340
chr4	46041809	0	15385	0	0	15385
chr4	54028492	0	0	0	13022	13022
chr4	61227827	15145	0	0	0	15145
chr4	68105471	0	0	0	14355	14355
chr4	94932782	0	0	10159	0	10159
chr4	105275204	0	17011	0	0	17011
chr4	117369082	0	7326	0	0	7326
chr4	118029843	0	0	0	10058	10058
chr4	136882056	0	0	14128	0	14128
chr4	139722579	12788	0	0	0	12788
chr4	171825435	0	0	0	12230	12230
chr4	173533424	0	0	0	15653	15653
chr4	177840335	0	0	13393	0	13393
chr5	7122445	0	0	16350	0	16350
chr5	7476150	0	0	10748	0	10748
chr5	9516855	0	0	15539	0	15539
chr5	16081001	15939	0	0	0	15939
chr5	16799180	0	0	14142	0	14142
chr5	26395126	6637	0	0	0	6637
chr5	27027008	0	10655	0	0	10655
chr5	35909655	0	0	14523	0	14523
chr5	42858784	0	14708	0	0	14708
chr5	45580010	0	0	14503	0	14503
chr5	60597295	9613	0	0	0	9613
chr5	61368607	0	0	0	14365	14365
chr5	73282578	0	0	16989	0	16989
chr5	80425361	15163	0	0	0	15163
chr5	83179950	0	0	13006	0	13006
chr5	111118182	0	0	0	15658	15658
chr5	114477338	0	0	10241	0	10241
chr5	126355471	0	0	14373	0	14373
chr5	132280512	0	0	16213	0	16213
chr5	137139894	0	15034	0	0	15034
chr5	149136585	0	14177	0	0	14177
chr5	156450715	9336	0	0	0	9336
chr5	162070088	0	0	0	6506	6506
chr5	167685565	0	0	14522	0	14522
chr5	178981641	0	0	16350	0	16350
chr6	39208712	16024	0	0	0	16024
chr6	42424894	0	0	0	15178	15178
chr6	50745106	0	0	15715	0	15715
chr6	54921023	13019	0	0	0	13019
chr6	56164611	0	0	0	10959	10959
chr6	72823822	14147	0	0	0	14147
chr6	97926608	0	12760	0	0	12760
chr6	123214387	8084	0	0	0	8084
chr6	128525222	0	16431	0	0	16431
chr6	128939397	0	0	0	10947	10947
chr6	148505123	0	0	17189	0	17189
chr6	150236254	0	0	14293	0	14293
chr6	151284044	0	0	15980	0	15980
chr6	156879739	13641	0	0	0	13641
chr6	166098026	0	0	0	14188	14188
chr6	169541880	0	0	0	5169	5169
chr7	3324741	0	0	12361	0	12361
chr7	3517174	0	0	14944	0	14944
chr7	3884930	0	16307	0	0	16307
chr7	3989636	0	16398	0	0	16398
chr7	18892701	12387	0	0	0	12387
chr7	21816505	0	14764	0	0	14764
chr7	27108877	0	0	10218	0	10218
chr7	37213242	0	0	14170	0	14170
chr7	42022250	0	15524	0	0	15524
chr7	44239171	0	0	15095	0	15095
chr7	44291059	0	0	0	15854	15854
chr7	55157734	0	16118	0	0	16118
chr7	89114094	0	6219	0	0	6219
chr7	102898017	0	0	10129	0	10129
chr7	114443108	0	0	13946	0	13946
chr7	123612453	0	10150	0	0	10150
chr7	129058902	0	12866	0	0	12866
chr7	134248169	0	0	15393	0	15393
chr7	134802240	0	0	9703	0	9703
chr7	137819873	0	15485	0	0	15485
chr7	148810344	0	0	0	17082	17082
chr7	148811627	0	17204	0	0	17204
chr7	158031014	0	15770	0	0	15770
chr8	3088430	13984	0	0	0	13984
chr8	3172437	0	0	14969	0	14969
chr8	3245358	0	0	16160	0	16160
chr8	3257804	0	0	16180	0	16180
chr8	3721952	0	0	15368	0	15368
chr8	18185701	0	0	0	7384	7384
chr8	25483968	0	0	6608	0	6608
chr8	27305102	0	0	15818	0	15818
chr8	28027962	4030	0	0	0	4030
chr8	35683818	0	0	0	16042	16042
chr8	41850923	0	0	16298	0	16298
chr8	50190656	0	0	0	11717	11717
chr8	65633841	0	0	13852	0	13852
chr8	66708097	0	0	9092	0	9092
chr8	68756692	0	0	4733	0	4733
chr8	85129252	0	0	0	12581	12581
chr8	87069790	13300	0	0	0	13300
chr8	91086921	0	0	11707	0	11707
chr8	100219126	0	0	15469	0	15469
chr8	113312898	0	0	8079	0	8079
chr8	113401478	0	10932	0	0	10932
chr8	119785904	9332	0	0	0	9332
chr8	139698313	0	15844	0	0	15844
chr9	4597502	0	0	11534	0	11534
chr9	9252386	0	0	12536	0	12536
chr9	9555526	13792	0	0	0	13792
chr9	19721212	0	11737	0	0	11737
chr9	21971029	0	12640	0	0	12640
chr9	101640362	0	15087	0	0	15087
chr9	106598206	0	0	0	12113	12113
chr9	109501997	15336	0	0	0	15336
chr9	112266538	0	0	0	12174	12174
chr9	128395001	0	0	16402	0	16402
chr9	134415169	14370	0	0	0	14370
chrX	11637021	0	0	3409	0	3409
chrX	12288772	0	0	8085	0	8085
chrX	15835476	0	0	7769	0	7769
chrX	17845322	0	8731	0	0	8731
chrX	29747945	0	0	6018	0	6018
chrX	32848180	0	0	8378	0	8378
chrX	45849345	0	7562	0	0	7562
chrX	72128810	0	0	8994	0	8994
chrX	104593414	0	0	7420	0	7420
chrX	105678895	0	4617	0	0	4617
chrX	105841353	0	0	7656	0	7656
chrX	108305108	0	8483	0	0	8483
chrX	109378360	0	0	8315	0	8315
chrX	109621230	8531	0	0	0	8531
chrX	132489973	0	6584	0	0	6584
chrX	133881186	0	8346	0	0	8346
chrX	154938339	0	0	7318	0	7318
