#CHR	POS	Count_A	Count_C	Count_G	Count_T	Good_depth
chr1	4551169	0	0	18992	0	18992
chr1	8653318	0	0	0	13357	13357
chr1	20167322	0	0	18952	0	18952
chr1	33876265	21017	0	0	0	21017
chr1	42703955	0	0	22319	0	22319
chr1	44078273	0	17312	0	0	17312
chr1	49227014	0	20996	0	0	20996
chr1	51946640	0	23046	0	0	23046
chr1	57542637	0	21553	0	0	21553
chr1	59993665	14130	0	0	0	14130
chr1	63244456	0	16764	0	0	16764
chr1	75159281	0	23818	0	0	23818
chr1	77123422	0	18729	0	0	18729
chr1	80630555	18214	0	0	0	18214
chr1	85803894	0	17067	0	0	17067
chr1	103052013	0	0	0	21001	21001
chr1	109601275	1	20929	0	0	20930
chr1	115030755	0	24854	0	0	24854
chr1	117113739	0	0	22329	0	22329
chr1	175508637	0	20435	0	0	20435
chr1	184629144	0	0	19001	0	19001
chr1	184975298	0	23338	0	0	23338
chr1	197482223	0	0	19649	0	19649
chr1	200151609	0	0	0	19378	19378
chr1	229465351	0	20670	0	0	20670
chr10	5858380	0	0	0	19023	19023
chr10	14586207	0	21463	0	0	21463
chr10	22211104	0	0	22434	0	22434
chr10	25270158	0	0	0	19778	19778
chr10	27082826	0	0	0	16442	16442
chr10	30041333	22340	0	0	0	22340
chr10	35131703	17551	0	0	0	17551
chr10	62664688	0	0	20976	0	20976
chr10	73148784	18101	0	0	0	18101
chr10	75095801	0	0	16739	0	16739
chr10	75988491	0	0	0	15089	15089
chr10	85902732	0	0	0	21904	21904
chr10	86181339	0	0	16181	0	16181
chr10	92337774	0	0	20771	0	20771
chr10	97004015	0	0	16195	0	16195
chr10	119277944	0	0	23326	0	23326
chr10	122272140	0	0	20254	0	20254
chr10	123494840	0	0	0	17613	17613
chr11	9060299	0	21522	0	0	21522
chr11	12452833	0	17366	0	0	17366
chr11	16448684	0	16981	0	0	16981
chr11	17742288	0	0	12921	0	12921
chr11	28675735	0	0	0	20172	20172
chr11	34495982	0	0	18197	0	18197
chr11	36153821	0	0	20820	0	20820
chr11	61104592	0	18347	0	0	18347
chr11	72657766	0	18273	0	0	18273
chr11	75204789	0	17803	0	0	17803
chr11	79345466	0	0	19770	0	19770
chr11	82358771	11070	0	0	0	11070
chr11	82841162	0	9114	0	0	9114
chr11	88806002	0	14153	0	0	14153
chr11	95109864	0	0	18238	0	18238
chr11	99206570	0	0	11227	0	11227
chr11	99568787	0	0	16622	0	16622
chr11	103703043	0	0	20333	0	20333
chr11	115715728	0	19918	0	0	19918
chr11	116870374	0	18287	0	0	18287
chr11	131690353	0	18727	0	0	18727
chr11	132079459	0	22024	0	0	22024
chr12	5493483	0	20026	0	0	20026
chr12	21601728	0	0	0	22337	22337
chr12	25160011	0	12498	0	0	12498
chr12	26645129	0	0	0	19832	19832
chr12	26782362	9169	0	0	0	9169
chr12	52079237	0	0	16955	0	16955
chr12	52595717	0	0	21756	0	21756
chr12	66032460	0	0	19996	0	19996
chr12	71128007	0	18097	0	0	18097
chr12	71328041	0	0	21451	0	21451
chr12	75146865	0	17692	0	0	17692
chr12	79117379	0	18559	0	0	18559
chr12	80593442	0	19894	0	0	19894
chr12	82519695	0	0	15720	0	15720
chr12	95214749	0	15195	0	0	15195
chr12	98291006	0	17865	0	0	17865
chr12	106685795	0	21628	0	0	21628
chr12	109763696	0	0	0	18785	18785
chr12	125618357	0	19075	0	0	19075
chr12	131030749	1	0	18640	0	18641
chr12	132023655	7984	0	0	0	7984
chr13	29381512	0	0	17909	0	17909
chr13	42036116	0	0	16486	0	16486
chr13	42240684	17878	0	0	0	17878
chr13	60142103	0	21193	0	0	21193
chr13	60439471	0	0	0	18408	18408
chr13	77138657	0	18713	0	0	18713
chr13	85373372	0	12683	0	0	12683
chr13	85427587	0	0	0	20434	20434
chr13	97288391	18688	0	0	0	18688
chr13	101324295	0	0	15416	0	15416
chr13	101837563	0	0	19237	0	19237
chr13	101854619	0	0	19819	0	19819
chr13	101932175	0	0	0	19361	19361
chr13	107545694	0	0	20553	0	20553
chr13	107614443	0	17134	0	0	17134
chr13	114254603	0	0	13302	0	13302
chr14	27096948	0	0	0	17501	17501
chr14	29794017	18677	0	0	0	18677
chr14	33560608	0	0	19247	0	19247
chr14	38902618	0	0	22269	0	22269
chr14	41647219	20275	0	0	0	20275
chr14	58866458	0	22250	0	0	22250
chr14	67543343	0	0	19177	0	19177
chr14	71596357	0	22168	0	0	22168
chr14	72043618	0	0	0	19155	19155
chr14	72792911	0	10153	0	0	10153
chr14	75696887	13339	0	0	0	13339
chr14	76153957	0	0	0	20701	20701
chr14	96345093	10155	0	0	0	10155
chr14	99815806	0	0	21304	0	21304
chr14	101772091	0	16731	0	0	16731
chr15	26642237	0	0	15776	0	15776
chr15	27163093	0	0	18026	0	18026
chr15	27350630	0	0	16412	0	16412
chr15	27791772	0	17708	1	0	17709
chr15	31581854	0	19573	0	0	19573
chr15	39607771	0	0	17195	0	17195
chr15	39799601	0	20366	0	0	20366
chr15	44013678	0	18010	0	0	18010
chr15	51102786	0	24060	0	0	24060
chr15	52760851	0	0	18097	0	18097
chr15	65333274	0	14883	0	0	14883
chr15	79042520	0	17883	0	0	17883
chr15	80115575	22177	0	0	0	22177
chr15	92613399	16958	0	0	0	16958
chr15	100716908	0	20176	0	0	20176
chr15	100814131	0	0	20460	0	20460
chr16	149567	0	0	19430	0	19430
chr16	6034615	0	0	0	17311	17311
chr16	6379558	1	0	15606	1	15608
chr16	6438926	0	0	20733	0	20733
chr16	6457927	0	14224	0	0	14224
chr16	6539222	0	0	19448	0	19448
chr16	9910458	8538	0	0	0	8538
chr16	19458933	0	0	18657	0	18657
chr16	20911700	16386	0	0	0	16386
chr16	23413206	0	0	17965	0	17965
chr16	27853798	0	17358	0	0	17358
chr16	52568377	0	0	17603	0	17603
chr16	55329190	0	9632	0	0	9632
chr16	57370498	0	0	13480	0	13480
chr16	58189462	0	20837	0	0	20837
chr16	66398998	19718	0	0	0	19718
chr16	68840239	0	19554	0	0	19554
chr16	73386067	17898	0	0	0	17898
chr16	87938481	0	0	23807	0	23807
chr17	5834703	0	21589	0	0	21589
chr17	5866063	0	0	21423	0	21423
chr17	7673802	0	18818	0	0	18818
chr17	12621615	0	0	0	19070	19070
chr17	28808409	22356	0	0	0	22356
chr17	31301370	0	0	19411	0	19411
chr17	33287817	0	0	18521	0	18521
chr17	41579989	0	16768	0	0	16768
chr17	51067636	0	0	19919	0	19919
chr17	53823345	0	0	17012	0	17012
chr17	60663388	0	22983	0	0	22983
chr17	64544026	22356	0	0	0	22356
chr17	70179283	0	0	17458	0	17458
chr17	78362732	0	19444	0	0	19444
chr18	2067928	0	0	20842	0	20842
chr18	4193999	0	0	0	15883	15883
chr18	7579277	20467	0	0	0	20467
chr18	7731753	0	21676	0	0	21676
chr18	27125186	0	0	8199	0	8199
chr18	27479420	0	0	0	8472	8472
chr18	28792727	0	0	14900	0	14900
chr18	32968807	13987	0	0	0	13987
chr18	35001085	0	15375	0	0	15375
chr18	36458917	0	17393	0	0	17393
chr18	44779472	21038	0	0	0	21038
chr18	48391046	0	19750	0	0	19750
chr18	50593212	1	0	21934	0	21935
chr18	53105846	0	20436	0	0	20436
chr18	53122862	0	24036	0	0	24036
chr18	58968498	0	0	0	19202	19202
chr18	62527782	0	0	18677	0	18677
chr18	67860350	0	0	21395	0	21395
chr18	69764027	0	22715	0	0	22715
chr18	69785965	0	0	19457	0	19457
chr18	74666478	0	0	21675	0	21675
chr18	75019013	0	18035	0	0	18035
chr19	1093607	0	0	11982	0	11982
chr19	3425123	16654	0	0	0	16654
chr19	15666453	0	0	17666	0	17666
chr19	16694405	16772	0	0	0	16772
chr19	29509553	0	0	18421	0	18421
chr19	30323707	23356	0	0	0	23356
chr19	30530988	0	18316	0	0	18316
chr19	32773283	0	22241	0	0	22241
chr19	38932504	15350	0	0	0	15350
chr19	44782374	0	0	15680	0	15680
chr19	50881682	0	0	18297	0	18297
chr19	55915778	0	17271	0	0	17271
chr2	1154701	0	0	19962	0	19962
chr2	1742960	0	0	0	15264	15264
chr2	10406468	0	18352	0	0	18352
chr2	15329122	0	0	0	20295	20295
chr2	25241701	18884	0	0	0	18884
chr2	25251367	0	11876	0	0	11876
chr2	26629585	0	0	18282	0	18282
chr2	37697692	0	17324	0	0	17324
chr2	45322516	0	21361	0	0	21361
chr2	45439862	0	0	0	20154	20154
chr2	54770891	0	0	0	19777	19777
chr2	71567135	0	0	0	19666	19666
chr2	98389058	0	0	20260	0	20260
chr2	102143159	14651	0	0	0	14651
chr2	114707074	0	0	23191	0	23191
chr2	127665413	0	0	0	19276	19276
chr2	132582239	0	0	19239	0	19239
chr2	133060545	0	0	19709	0	19709
chr2	144917388	0	0	0	22585	22585
chr2	145061824	22341	0	0	0	22341
chr2	162615022	0	0	16560	0	16560
chr2	173947911	0	0	0	22970	22970
chr2	235924482	0	0	18883	0	18883
chr2	238869095	20323	0	0	0	20323
chr20	83125	0	0	21520	0	21520
chr20	2689922	0	0	0	18349	18349
chr20	14300230	0	0	22055	0	22055
chr20	15897758	11497	0	0	0	11497
chr20	17433203	0	0	21289	0	21289
chr20	17438999	0	0	0	19821	19821
chr20	31388798	0	20557	0	0	20557
chr20	33644524	0	0	17730	0	17730
chr20	37048246	0	0	0	24320	24320
chr20	42445112	0	20929	0	1	20930
chr20	43031232	0	0	20113	0	20113
chr20	46027033	0	21178	0	0	21178
chr20	46176605	0	16220	0	0	16220
chr20	53088002	0	21860	0	0	21860
chr20	57180459	0	0	11269	0	11269
chr21	15618094	0	0	20940	0	20940
chr21	19343639	0	0	6248	0	6248
chr21	24442239	0	0	0	21840	21840
chr21	25136440	0	0	0	18351	18351
chr21	27426571	0	0	0	17593	17593
chr21	32105632	0	0	20356	0	20356
chr21	32724635	0	0	8926	0	8926
chr21	33343100	0	0	0	19767	19767
chr22	19671429	0	20173	0	0	20173
chr22	23146941	0	21791	0	0	21791
chr22	32446726	22862	0	0	0	22862
chr22	34025088	0	0	22954	0	22954
chr22	34067533	0	0	0	20293	20293
chr22	36632626	0	0	0	17628	17628
chr22	39588782	0	0	18007	0	18007
chr22	39763307	0	0	19453	0	19453
chr22	50177619	0	18174	0	0	18174
chr22	50704303	0	0	15826	0	15826
chr3	10285215	0	23632	0	0	23632
chr3	11791441	0	0	0	21157	21157
chr3	19237681	21787	0	0	0	21787
chr3	21693754	11645	0	0	0	11645
chr3	37310467	0	0	19277	0	19277
chr3	38284916	0	0	21753	0	21753
chr3	44363269	0	0	19983	0	19983
chr3	44952729	0	19840	0	0	19840
chr3	79767152	0	0	17305	0	17305
chr3	107382386	23721	0	0	0	23721
chr3	113155227	0	0	0	15191	15191
chr3	116085338	0	21178	0	0	21178
chr3	116726256	0	21713	0	0	21713
chr3	117543855	0	21063	0	0	21063
chr3	124684464	0	19508	0	0	19508
chr3	140454496	0	20142	0	0	20142
chr3	156415939	0	20667	0	0	20667
chr3	156497298	0	0	22678	0	22678
chr3	177567328	0	0	0	21232	21232
chr3	192811966	0	19744	0	0	19744
chr4	6459102	0	20836	0	0	20836
chr4	20521698	0	21960	0	0	21960
chr4	39368569	0	0	0	21594	21594
chr4	40516043	0	17666	0	0	17666
chr4	41632702	0	20016	0	0	20016
chr4	46041809	0	24339	0	0	24339
chr4	54028492	0	0	0	21441	21441
chr4	61227827	22927	0	0	0	22927
chr4	68105471	0	0	0	21212	21212
chr4	94932782	0	0	17185	0	17185
chr4	105275204	0	21330	0	0	21330
chr4	117369082	0	12336	0	0	12336
chr4	118029843	0	0	0	17545	17545
chr4	136882056	0	0	21868	0	21868
chr4	139722579	20877	0	0	0	20877
chr4	171825435	0	0	0	19772	19772
chr4	173533424	0	0	0	21129	21129
chr4	177840335	0	0	20020	0	20020
chr5	7122445	0	0	21509	0	21509
chr5	7476150	0	0	16783	0	16783
chr5	9516855	0	0	21568	0	21568
chr5	16081001	19658	0	0	0	19658
chr5	16799180	0	0	19776	0	19776
chr5	26395126	3833	0	0	0	3833
chr5	27027008	0	17422	0	0	17422
chr5	35909655	0	0	23774	0	23774
chr5	42858784	0	20401	0	0	20401
chr5	45580010	0	0	21716	0	21716
chr5	60597295	16318	0	0	0	16318
chr5	61368607	0	0	0	22061	22061
chr5	73282578	0	0	22180	0	22180
chr5	80425361	24085	0	0	0	24085
chr5	83179950	0	0	20223	0	20223
chr5	111118182	0	0	0	25501	25501
chr5	114477338	0	0	16390	0	16390
chr5	126355471	0	0	20434	0	20434
chr5	132280512	0	0	18862	0	18862
chr5	137139894	0	18514	0	0	18514
chr5	149136585	0	19281	0	0	19281
chr5	156450715	15646	0	0	0	15646
chr5	162070088	0	0	0	11467	11467
chr5	167685565	0	0	21141	0	21141
chr5	178981641	0	0	16333	0	16333
chr6	39208712	18752	0	0	0	18752
chr6	42424894	0	0	0	22217	22217
chr6	50745106	0	0	19404	0	19404
chr6	54921023	19476	0	0	0	19476
chr6	56164611	0	0	0	17533	17533
chr6	72823822	21748	0	0	0	21748
chr6	97926608	0	19215	0	0	19215
chr6	123214387	14813	0	0	0	14813
chr6	128525222	0	22442	0	0	22442
chr6	128939397	0	0	0	18081	18081
chr6	148505123	0	0	21719	0	21719
chr6	150236254	0	0	19257	0	19257
chr6	151284044	0	0	20087	0	20087
chr6	156879739	21171	0	0	0	21171
chr6	166098026	0	0	0	16773	16773
chr6	169541880	0	0	0	7317	7317
chr7	3324741	0	0	19549	0	19549
chr7	3517174	0	0	23527	0	23527
chr7	3884930	0	18897	0	0	18897
chr7	3989636	0	19084	0	0	19084
chr7	18892701	18903	0	0	0	18903
chr7	21816505	0	20954	0	0	20954
chr7	27108877	0	0	12913	0	12913
chr7	37213242	0	0	19484	0	19484
chr7	42022250	0	22883	0	0	22883
chr7	44239171	0	0	13881	0	13881
chr7	44291059	0	0	0	20022	20022
chr7	55157734	0	19942	0	0	19942
chr7	89114094	0	8736	0	0	8736
chr7	102898017	0	0	17289	0	17289
chr7	114443108	0	0	22386	0	22386
chr7	123612453	0	17147	0	0	17147
chr7	129058902	0	21003	0	0	21003
chr7	134248169	0	0	20595	0	20595
chr7	134802240	0	0	15563	0	15563
chr7	137819873	0	20964	0	0	20964
chr7	148810344	0	0	0	20140	20140
chr7	148811627	0	22524	0	0	22524
chr7	158031014	0	20268	0	0	20268
chr8	3088430	20359	0	0	0	20359
chr8	3172437	0	0	19540	0	19540
chr8	3245358	0	0	21442	0	21442
chr8	3257804	0	0	18543	0	18543
chr8	3721952	0	0	19122	0	19122
chr8	18185701	0	0	0	12271	12271
chr8	25483968	0	0	10756	0	10756
chr8	27305102	0	0	20372	0	20372
chr8	28027962	6452	0	0	0	6452
chr8	35683818	0	0	0	22253	22253
chr8	41850923	0	0	20025	0	20025
chr8	50190656	0	0	0	18499	18499
chr8	65633841	0	0	19842	0	19842
chr8	66708097	0	0	14892	0	14892
chr8	68756692	0	0	8418	0	8418
chr8	85129252	0	0	0	19906	19906
chr8	87069790	21703	0	0	0	21703
chr8	91086921	0	0	18874	0	18874
chr8	100219126	0	0	23322	0	23322
chr8	113312898	0	0	12762	0	12762
chr8	113401478	0	18018	0	0	18018
chr8	119785904	16372	0	0	0	16372
chr8	139698313	0	17177	0	0	17177
chr9	4597502	0	0	17462	0	17462
chr9	9252386	0	0	19597	0	19597
chr9	9555526	22416	0	0	0	22416
chr9	19721212	0	18326	0	0	18326
chr9	21971029	0	12734	0	0	12734
chr9	101640362	0	22286	0	0	22286
chr9	106598206	0	0	0	18765	18765
chr9	109501997	20605	0	0	0	20605
chr9	112266538	0	0	0	21125	21125
chr9	128395001	0	0	19052	0	19052
chr9	134415169	13400	0	0	0	13400
chrX	11637021	0	0	6156	0	6156
chrX	12288772	0	0	11691	0	11691
chrX	15835476	0	0	12191	0	12191
chrX	17845322	0	11735	0	0	11735
chrX	29747945	0	0	9234	0	9234
chrX	32848180	0	0	11638	0	11638
chrX	45849345	0	12909	0	0	12909
chrX	72128810	0	0	10688	0	10688
chrX	104593414	0	0	10895	0	10895
chrX	105678895	0	6187	0	0	6187
chrX	105841353	0	0	10361	0	10361
chrX	108305108	0	10857	0	0	10857
chrX	109378360	0	0	11091	0	11091
chrX	109621230	12296	0	0	0	12296
chrX	132489973	0	6499	0	0	6499
chrX	133881186	0	11604	0	0	11604
chrX	154938339	0	0	10943	0	10943
