#CHR	POS	Count_A	Count_C	Count_G	Count_T	Good_depth
chr1	4551169	0	0	9113	0	9113
chr1	8653318	0	0	0	5710	5710
chr1	20167322	0	0	10323	0	10323
chr1	33876265	10435	0	0	0	10435
chr1	42703955	0	0	9315	0	9315
chr1	44078273	0	7986	0	0	7986
chr1	49227014	0	9529	0	0	9529
chr1	51946640	0	10098	0	0	10098
chr1	57542637	0	9659	0	0	9659
chr1	59993665	6020	0	0	0	6020
chr1	63244456	0	7373	0	0	7373
chr1	75159281	0	9489	0	0	9489
chr1	77123422	0	7634	0	0	7634
chr1	80630555	7449	0	0	0	7449
chr1	85803894	0	7145	0	0	7145
chr1	103052013	0	0	0	8893	8893
chr1	109601275	0	9020	0	0	9020
chr1	115030755	0	9500	0	0	9500
chr1	117113739	0	0	10086	0	10086
chr1	175508637	0	10018	0	4	10022
chr1	184629144	0	0	8762	0	8762
chr1	184975298	0	9961	0	0	9961
chr1	197482223	0	0	7762	0	7762
chr1	200151609	0	0	0	7710	7710
chr1	229465351	0	8781	0	0	8781
chr10	5858380	0	0	0	9293	9293
chr10	14586207	0	10433	0	0	10433
chr10	22211104	0	0	8869	0	8869
chr10	25270158	0	0	0	8465	8465
chr10	27082826	0	0	0	6405	6405
chr10	30041333	10961	0	0	0	10961
chr10	35131703	7284	0	0	0	7284
chr10	62664688	0	0	10207	0	10207
chr10	73148784	7288	0	0	0	7288
chr10	75095801	0	0	10260	0	10260
chr10	75988491	0	0	0	6855	6855
chr10	85902732	0	0	0	9854	9854
chr10	86181339	0	0	9817	0	9817
chr10	92337774	0	0	8929	0	8929
chr10	97004015	0	0	10022	0	10022
chr10	119277944	0	0	10181	0	10181
chr10	122272140	0	0	9995	0	9995
chr10	123494840	0	0	0	10460	10460
chr11	9060299	0	10154	0	0	10154
chr11	12452833	0	10042	0	3	10045
chr11	16448684	0	7197	0	0	7197
chr11	17742288	0	0	6904	0	6904
chr11	28675735	0	1	0	8811	8812
chr11	34495982	1	0	10250	0	10251
chr11	36153821	0	0	9822	0	9822
chr11	61104592	0	10799	0	0	10799
chr11	72657766	0	10523	0	0	10523
chr11	75204789	0	10185	0	0	10185
chr11	79345466	0	0	8328	0	8328
chr11	82358771	4983	0	0	0	4983
chr11	82841162	0	8434	0	0	8434
chr11	88806002	0	5777	0	0	5777
chr11	95109864	0	0	10631	0	10631
chr11	99206570	0	0	8511	0	8511
chr11	99568787	0	0	6868	0	6868
chr11	103703043	0	0	9248	0	9248
chr11	115715728	0	9338	0	1	9339
chr11	116870374	0	9640	0	1	9641
chr11	131690353	0	10474	0	0	10474
chr11	132079459	0	9924	0	0	9924
chr12	5493483	0	10464	0	0	10464
chr12	21601728	0	0	0	9151	9151
chr12	25160011	0	5634	0	0	5634
chr12	26645129	0	0	0	9794	9794
chr12	26782362	3464	0	0	0	3464
chr12	52079237	1	0	9803	0	9804
chr12	52595717	0	0	8923	0	8923
chr12	66032460	0	0	8847	0	8847
chr12	71128007	0	7260	0	0	7260
chr12	71328041	0	0	8811	0	8811
chr12	75146865	0	7412	0	0	7412
chr12	79117379	0	8538	0	0	8538
chr12	80593442	0	7592	0	0	7592
chr12	82519695	0	0	6771	0	6771
chr12	95214749	0	6525	0	0	6525
chr12	98291006	0	7033	0	0	7033
chr12	106685795	0	9004	0	0	9004
chr12	109763696	0	0	0	10024	10024
chr12	125618357	0	9483	0	0	9483
chr12	131030749	3	0	10291	0	10294
chr12	132023655	3073	0	0	0	3073
chr13	29381512	0	0	7841	0	7841
chr13	42036116	0	0	6602	0	6602
chr13	42240684	7527	0	0	0	7527
chr13	60142103	0	8845	0	0	8845
chr13	60439471	0	0	0	7864	7864
chr13	77138657	0	7479	0	0	7479
chr13	85373372	0	5067	0	0	5067
chr13	85427587	0	0	0	8474	8474
chr13	97288391	9144	0	0	0	9144
chr13	101324295	0	0	6085	0	6085
chr13	101837563	0	0	7690	0	7690
chr13	101854619	0	0	8058	0	8058
chr13	101932175	0	0	0	9125	9125
chr13	107545694	0	0	10191	0	10191
chr13	107614443	0	7041	0	0	7041
chr13	114254603	0	0	5667	0	5667
chr14	27096948	0	0	0	6984	6984
chr14	29794017	7287	0	0	0	7287
chr14	33560608	0	0	8700	0	8700
chr14	38902618	0	0	9716	0	9716
chr14	41647219	8750	0	0	0	8750
chr14	58866458	0	10455	0	0	10455
chr14	67543343	0	0	8642	0	8642
chr14	71596357	0	9340	0	0	9340
chr14	72043618	0	0	0	8402	8402
chr14	72792911	0	3665	0	0	3665
chr14	75696887	5197	0	0	0	5197
chr14	76153957	0	0	0	8839	8839
chr14	96345093	3724	0	0	0	3724
chr14	99815806	0	0	10047	0	10047
chr14	101772091	0	7338	0	1	7339
chr15	26642237	0	0	8164	0	8164
chr15	27163093	0	0	9886	0	9886
chr15	27350630	0	0	9292	0	9292
chr15	27791772	0	7619	0	1	7620
chr15	31581854	0	9223	0	0	9223
chr15	39607771	0	0	6538	0	6538
chr15	39799601	0	10035	0	0	10035
chr15	44013678	0	7474	0	0	7474
chr15	51102786	0	10566	0	0	10566
chr15	52760851	0	0	8590	0	8590
chr15	65333274	0	9433	0	4	9437
chr15	79042520	0	9961	0	0	9961
chr15	80115575	8963	0	0	0	8963
chr15	92613399	6986	0	0	0	6986
chr15	100716908	0	10290	0	0	10290
chr15	100814131	0	0	9326	0	9326
chr16	149567	0	0	9704	0	9704
chr16	6034615	0	0	0	7754	7754
chr16	6379558	0	0	7486	0	7486
chr16	6438926	0	0	9261	0	9261
chr16	6457927	0	5414	0	0	5414
chr16	6539222	0	0	8174	0	8174
chr16	9910458	3704	0	0	0	3704
chr16	19458933	0	0	9622	0	9622
chr16	20911700	7655	0	0	0	7655
chr16	23413206	0	0	8929	0	8929
chr16	27853798	0	9812	0	0	9812
chr16	52568377	0	0	7582	0	7582
chr16	55329190	0	4856	0	0	4856
chr16	57370498	0	0	7068	0	7068
chr16	58189462	0	9920	0	0	9920
chr16	66398998	9942	0	0	0	9942
chr16	68840239	0	9792	0	0	9792
chr16	73386067	7791	0	0	0	7791
chr16	87938481	0	0	10699	0	10699
chr17	5834703	0	9513	0	3	9516
chr17	5866063	0	0	9745	0	9745
chr17	7673802	0	10532	0	0	10532
chr17	12621615	0	0	0	7495	7495
chr17	28808409	10000	0	0	0	10000
chr17	31301370	0	0	7568	0	7568
chr17	33287817	1	0	10647	0	10648
chr17	41579989	0	9932	0	0	9932
chr17	51067636	0	0	8147	0	8147
chr17	53823345	0	0	9696	0	9696
chr17	60663388	0	10560	0	0	10560
chr17	64544026	9594	0	0	0	9594
chr17	70179283	0	0	6888	0	6888
chr17	78362732	0	8233	0	0	8233
chr18	2067928	0	0	9794	0	9794
chr18	4193999	0	0	0	6807	6807
chr18	7579277	8999	2	0	0	9001
chr18	7731753	0	9227	0	0	9227
chr18	27125186	0	0	5734	0	5734
chr18	27479420	0	0	0	4066	4066
chr18	28792727	0	1	6593	0	6594
chr18	32968807	5611	0	0	0	5611
chr18	35001085	0	6228	0	0	6228
chr18	36458917	0	8001	0	0	8001
chr18	44779472	9943	0	0	0	9943
chr18	48391046	0	10683	0	0	10683
chr18	50593212	0	0	10000	0	10000
chr18	53105846	0	9247	0	0	9247
chr18	53122862	0	9899	0	0	9899
chr18	58968498	0	4	0	10118	10122
chr18	62527782	0	0	7646	0	7646
chr18	67860350	0	0	9278	0	9278
chr18	69764027	0	10002	0	0	10002
chr18	69785965	0	0	7904	0	7904
chr18	74666478	0	0	10432	0	10432
chr18	75019013	0	7531	0	0	7531
chr19	1093607	0	0	8054	0	8054
chr19	3425123	10651	0	0	0	10651
chr19	15666453	0	0	8914	0	8914
chr19	16694405	7435	0	0	0	7435
chr19	29509553	0	0	10641	0	10641
chr19	30323707	10566	0	0	0	10566
chr19	30530988	0	10005	0	2	10007
chr19	32773283	0	10155	0	3	10158
chr19	38932504	9303	0	0	0	9303
chr19	44782374	0	0	9890	0	9890
chr19	50881682	0	0	7511	0	7511
chr19	55915778	0	8019	0	0	8019
chr2	1154701	0	0	8562	0	8562
chr2	1742960	0	1	0	9758	9759
chr2	10406468	0	10219	0	2	10221
chr2	15329122	0	2	0	8943	8945
chr2	25241701	10883	0	0	0	10883
chr2	25251367	0	7890	0	0	7890
chr2	26629585	0	0	10218	0	10218
chr2	37697692	0	7627	0	0	7627
chr2	45322516	0	9768	0	0	9768
chr2	45439862	0	0	0	8551	8551
chr2	54770891	0	1	0	10174	10175
chr2	71567135	0	0	0	10387	10387
chr2	98389058	0	0	10573	0	10573
chr2	102143159	9113	0	0	0	9113
chr2	114707074	0	0	10065	0	10065
chr2	127665413	0	0	0	10008	10008
chr2	132582239	0	0	8841	0	8841
chr2	133060545	0	0	8606	0	8606
chr2	144917388	0	0	0	9904	9904
chr2	145061824	8988	0	2	0	8990
chr2	162615022	0	0	6329	0	6329
chr2	173947911	0	0	0	9325	9325
chr2	235924482	0	0	10210	0	10210
chr2	238869095	10345	0	0	0	10345
chr20	83125	1	0	9810	0	9811
chr20	2689922	0	0	0	10356	10356
chr20	14300230	0	0	9275	0	9275
chr20	15897758	5517	0	0	0	5517
chr20	17433203	0	0	9196	0	9196
chr20	17438999	0	0	0	10488	10488
chr20	31388798	0	9674	0	0	9674
chr20	33644524	0	0	10437	0	10437
chr20	37048246	0	0	0	10782	10782
chr20	42445112	0	9822	0	0	9822
chr20	43031232	0	0	10431	0	10431
chr20	46027033	0	10092	0	0	10092
chr20	46176605	0	9043	0	0	9043
chr20	53088002	0	9992	0	0	9992
chr20	57180459	0	0	7720	0	7720
chr21	15618094	0	0	9165	0	9165
chr21	19343639	0	0	4251	0	4251
chr21	24442239	0	0	0	8314	8314
chr21	25136440	0	0	0	10055	10055
chr21	27426571	0	3	0	6969	6972
chr21	32105632	0	0	9180	0	9180
chr21	32724635	0	0	3475	0	3475
chr21	33343100	0	0	0	9567	9567
chr22	19671429	0	9146	0	0	9146
chr22	23146941	0	10140	0	0	10140
chr22	32446726	9685	0	0	0	9685
chr22	34025088	0	0	10146	0	10146
chr22	34067533	0	0	0	9995	9995
chr22	36632626	4	0	0	8325	8329
chr22	39588782	0	0	9983	0	9983
chr22	39763307	0	0	8827	0	8827
chr22	50177619	0	10143	0	0	10143
chr22	50704303	0	0	9792	0	9792
chr3	10285215	0	10889	0	0	10889
chr3	11791441	0	0	0	10208	10208
chr3	19237681	8876	0	0	0	8876
chr3	21693754	4916	0	0	0	4916
chr3	37310467	0	0	7768	0	7768
chr3	38284916	0	0	10412	0	10412
chr3	44363269	3	0	7903	0	7906
chr3	44952729	0	10616	0	0	10616
chr3	79767152	0	0	9777	0	9777
chr3	107382386	9155	0	0	0	9155
chr3	113155227	0	0	0	6411	6411
chr3	116085338	0	8977	0	1	8978
chr3	116726256	0	9407	0	0	9407
chr3	117543855	0	8584	0	0	8584
chr3	124684464	0	10015	0	0	10015
chr3	140454496	0	9076	0	0	9076
chr3	156415939	0	10705	0	1	10706
chr3	156497298	0	0	9700	0	9700
chr3	177567328	0	0	0	8913	8913
chr3	192811966	0	9082	0	0	9082
chr4	6459102	0	10109	0	0	10109
chr4	20521698	0	9561	0	0	9561
chr4	39368569	0	0	0	9072	9072
chr4	40516043	0	7734	0	0	7734
chr4	41632702	0	10424	0	0	10424
chr4	46041809	0	9057	0	1	9058
chr4	54028492	0	0	0	8169	8169
chr4	61227827	9272	0	0	0	9272
chr4	68105471	0	0	0	8721	8721
chr4	94932782	1	0	6940	0	6941
chr4	105275204	0	10374	0	0	10374
chr4	117369082	0	4413	0	0	4413
chr4	118029843	0	0	0	6498	6498
chr4	136882056	0	0	9001	0	9001
chr4	139722579	8081	0	0	0	8081
chr4	171825435	0	0	0	7678	7678
chr4	173533424	0	0	0	9949	9949
chr4	177840335	2	0	8715	0	8717
chr5	7122445	0	0	10101	0	10101
chr5	7476150	0	0	7389	0	7389
chr5	9516855	3	0	10003	0	10006
chr5	16081001	9899	0	0	0	9899
chr5	16799180	0	0	9058	0	9058
chr5	26395126	3998	0	0	0	3998
chr5	27027008	0	6918	0	0	6918
chr5	35909655	0	0	8734	0	8734
chr5	42858784	0	9414	0	0	9414
chr5	45580010	0	0	9249	0	9249
chr5	60597295	6514	0	0	0	6514
chr5	61368607	0	0	0	9127	9127
chr5	73282578	2	0	10561	0	10563
chr5	80425361	9181	0	0	0	9181
chr5	83179950	0	0	8573	0	8573
chr5	111118182	0	0	0	9943	9943
chr5	114477338	0	0	6852	0	6852
chr5	126355471	0	0	9607	0	9607
chr5	132280512	0	0	10233	0	10233
chr5	137139894	0	9571	0	0	9571
chr5	149136585	0	9314	0	0	9314
chr5	156450715	6298	0	0	0	6298
chr5	162070088	0	0	0	4379	4379
chr5	167685565	0	0	9252	0	9252
chr5	178981641	0	0	10397	0	10397
chr6	39208712	10232	0	0	6	10238
chr6	42424894	0	0	0	9510	9510
chr6	50745106	0	0	9945	0	9945
chr6	54921023	7424	0	0	0	7424
chr6	56164611	0	0	0	7279	7279
chr6	72823822	8796	0	0	0	8796
chr6	97926608	0	8091	0	0	8091
chr6	123214387	5563	0	0	0	5563
chr6	128525222	0	10392	0	0	10392
chr6	128939397	0	0	0	7152	7152
chr6	148505123	0	0	10758	0	10758
chr6	150236254	0	0	9225	0	9225
chr6	151284044	2	0	10158	0	10160
chr6	156879739	9073	0	0	0	9073
chr6	166098026	0	0	0	9156	9156
chr6	169541880	0	0	0	3677	3677
chr7	3324741	1	0	8196	0	8197
chr7	3517174	0	0	9061	0	9061
chr7	3884930	0	10263	0	1	10264
chr7	3989636	0	10127	0	0	10127
chr7	18892701	7854	0	0	0	7854
chr7	21816505	0	9393	0	0	9393
chr7	27108877	0	1	7059	0	7060
chr7	37213242	0	0	9156	0	9156
chr7	42022250	0	9428	0	0	9428
chr7	44239171	0	0	9850	0	9850
chr7	44291059	0	0	0	9859	9859
chr7	55157734	0	10167	0	0	10167
chr7	89114094	0	4052	0	0	4052
chr7	102898017	0	0	6814	0	6814
chr7	114443108	0	0	8860	0	8860
chr7	123612453	0	8301	0	0	8301
chr7	129058902	0	8188	0	0	8188
chr7	134248169	0	0	9517	0	9517
chr7	134802240	0	0	5800	0	5800
chr7	137819873	0	9935	0	0	9935
chr7	148810344	0	0	0	10376	10376
chr7	148811627	0	10691	0	2	10693
chr7	158031014	0	10154	0	0	10154
chr8	3088430	8985	0	0	4	8989
chr8	3172437	0	0	9688	0	9688
chr8	3245358	0	0	10270	0	10270
chr8	3257804	0	0	10398	0	10398
chr8	3721952	0	0	9561	0	9561
chr8	18185701	0	1	0	5200	5201
chr8	25483968	0	0	4581	0	4581
chr8	27305102	0	0	9987	0	9987
chr8	28027962	3037	0	0	0	3037
chr8	35683818	0	0	0	9878	9878
chr8	41850923	4	0	10121	0	10125
chr8	50190656	0	0	0	7776	7776
chr8	65633841	0	0	9650	0	9650
chr8	66708097	0	0	6052	0	6052
chr8	68756692	0	0	3313	0	3313
chr8	85129252	0	0	0	8282	8282
chr8	87069790	8706	0	0	0	8706
chr8	91086921	0	0	7552	0	7552
chr8	100219126	0	0	9522	0	9522
chr8	113312898	0	0	5503	0	5503
chr8	113401478	0	7218	0	0	7218
chr8	119785904	6805	0	0	0	6805
chr8	139698313	0	10097	0	0	10097
chr9	4597502	0	0	7914	0	7914
chr9	9252386	0	0	8567	0	8567
chr9	9555526	8597	0	3	0	8600
chr9	19721212	0	7688	0	1	7689
chr9	21971029	0	8539	0	0	8539
chr9	101640362	0	9424	0	0	9424
chr9	106598206	0	0	0	8167	8167
chr9	109501997	9725	0	0	0	9725
chr9	112266538	0	0	0	7777	7777
chr9	128395001	0	0	10351	0	10351
chr9	134415169	9283	0	0	0	9283
chrX	11637021	0	0	2416	0	2416
chrX	12288772	0	0	4968	0	4968
chrX	15835476	0	0	4692	0	4692
chrX	17845322	0	5241	0	0	5241
chrX	29747945	1	0	4678	0	4679
chrX	32848180	0	0	5016	0	5016
chrX	45849345	0	4822	0	0	4822
chrX	72128810	0	0	5470	0	5470
chrX	104593414	0	0	4607	0	4607
chrX	105678895	0	2991	0	0	2991
chrX	105841353	0	0	4753	0	4753
chrX	108305108	0	5084	0	0	5084
chrX	109378360	0	0	5015	0	5015
chrX	109621230	5253	0	0	0	5253
chrX	132489973	0	3752	0	0	3752
chrX	133881186	0	5040	0	0	5040
chrX	154938339	0	0	4377	0	4377
