#CHR	POS	Count_A	Count_C	Count_G	Count_T	Good_depth
chr1	4551169	0	0	10341	0	10341
chr1	8653318	0	0	0	7000	7000
chr1	20167322	0	0	11527	0	11527
chr1	33876265	11616	0	0	0	11616
chr1	42703955	0	0	10609	0	10609
chr1	44078273	0	8955	0	0	8955
chr1	49227014	0	10991	0	0	10991
chr1	51946640	0	11266	0	0	11266
chr1	57542637	0	11012	0	0	11012
chr1	59993665	6946	0	0	0	6946
chr1	63244456	0	8621	0	0	8621
chr1	75159281	0	10904	0	0	10904
chr1	77123422	0	8598	0	0	8598
chr1	80630555	8526	0	0	0	8526
chr1	85803894	0	8320	0	0	8320
chr1	103052013	0	0	0	9811	9811
chr1	109601275	0	10528	0	0	10528
chr1	115030755	0	10772	0	0	10772
chr1	117113739	0	0	11350	0	11350
chr1	175508637	0	11393	0	0	11393
chr1	184629144	0	0	9981	0	9981
chr1	184975298	0	11158	0	0	11158
chr1	197482223	0	0	8860	0	8860
chr1	200151609	0	0	0	9008	9008
chr1	229465351	0	9896	0	0	9896
chr10	5858380	0	0	0	10611	10611
chr10	14586207	0	11650	0	0	11650
chr10	22211104	0	0	10219	0	10219
chr10	25270158	0	0	0	9667	9667
chr10	27082826	0	0	0	7669	7669
chr10	30041333	12293	0	0	0	12293
chr10	35131703	8469	0	0	0	8469
chr10	62664688	0	0	11301	0	11301
chr10	73148784	8537	0	0	0	8537
chr10	75095801	0	0	11335	0	11335
chr10	75988491	0	0	0	7778	7778
chr10	85902732	0	0	0	11296	11296
chr10	86181339	0	0	10948	0	10948
chr10	92337774	0	0	10156	0	10156
chr10	97004015	0	0	11256	0	11256
chr10	119277944	0	0	11612	0	11612
chr10	122272140	0	0	11386	0	11386
chr10	123494840	0	0	0	11665	11665
chr11	9060299	0	11429	0	0	11429
chr11	12452833	0	11003	0	0	11003
chr11	16448684	0	8172	0	0	8172
chr11	17742288	0	0	7920	0	7920
chr11	28675735	0	0	0	9890	9890
chr11	34495982	0	0	11521	0	11521
chr11	36153821	0	0	11126	0	11126
chr11	61104592	0	12073	0	0	12073
chr11	72657766	0	11965	0	0	11965
chr11	75204789	0	11301	0	0	11301
chr11	79345466	0	0	9557	0	9557
chr11	82358771	5887	0	0	0	5887
chr11	82841162	0	9542	0	0	9542
chr11	88806002	0	6970	0	0	6970
chr11	95109864	0	0	11836	0	11836
chr11	99206570	0	0	9759	0	9759
chr11	99568787	0	0	8028	0	8028
chr11	103703043	1	0	10648	0	10649
chr11	115715728	0	10616	0	0	10616
chr11	116870374	0	10910	0	0	10910
chr11	131690353	0	11806	0	0	11806
chr11	132079459	0	11157	0	0	11157
chr12	5493483	0	11745	0	0	11745
chr12	21601728	0	0	0	10435	10435
chr12	25160011	0	6627	0	0	6627
chr12	26645129	0	0	0	10963	10963
chr12	26782362	4440	0	0	0	4440
chr12	52079237	0	0	11206	0	11206
chr12	52595717	0	0	10265	0	10265
chr12	66032460	0	0	10479	0	10479
chr12	71128007	0	8714	0	0	8714
chr12	71328041	0	0	9897	0	9897
chr12	75146865	0	8579	0	0	8579
chr12	79117379	0	9770	0	0	9770
chr12	80593442	0	8869	0	0	8869
chr12	82519695	0	0	7962	0	7962
chr12	95214749	0	7315	0	0	7315
chr12	98291006	0	8281	0	0	8281
chr12	106685795	0	10513	0	0	10513
chr12	109763696	0	0	0	11544	11544
chr12	125618357	0	10618	0	0	10618
chr12	131030749	0	0	11472	0	11472
chr12	132023655	3877	0	0	0	3877
chr13	29381512	0	0	8000	0	8000
chr13	42036116	0	0	7742	0	7742
chr13	42240684	8706	0	0	0	8706
chr13	60142103	0	10082	0	0	10082
chr13	60439471	0	0	0	9195	9195
chr13	77138657	0	8907	0	0	8907
chr13	85373372	0	6194	0	0	6194
chr13	85427587	0	0	0	9699	9699
chr13	97288391	9982	0	0	0	9982
chr13	101324295	0	0	7878	0	7878
chr13	101837563	0	0	8907	0	8907
chr13	101854619	0	0	9362	0	9362
chr13	101932175	0	0	0	10192	10192
chr13	107545694	0	0	11336	0	11336
chr13	107614443	0	8413	0	0	8413
chr13	114254603	0	0	6911	0	6911
chr14	27096948	0	0	0	8350	8350
chr14	29794017	8304	0	0	0	8304
chr14	33560608	0	0	10049	0	10049
chr14	38902618	0	0	11166	0	11166
chr14	41647219	9962	0	0	0	9962
chr14	58866458	0	11771	0	0	11771
chr14	67543343	0	0	10168	0	10168
chr14	71596357	0	10334	0	0	10334
chr14	72043618	0	0	0	9600	9600
chr14	72792911	0	4536	0	0	4536
chr14	75696887	6330	0	0	0	6330
chr14	76153957	0	0	0	10033	10033
chr14	96345093	4619	0	0	0	4619
chr14	99815806	0	0	11136	0	11136
chr14	101772091	0	8749	0	0	8749
chr15	26642237	0	0	9278	0	9278
chr15	27163093	0	0	10881	0	10881
chr15	27350630	0	0	10388	0	10388
chr15	27791772	0	8978	0	0	8978
chr15	31581854	0	10359	0	0	10359
chr15	39607771	0	0	7578	0	7578
chr15	39799601	0	11242	0	0	11242
chr15	44013678	0	8420	0	0	8420
chr15	51102786	0	12077	0	0	12077
chr15	52760851	0	0	9721	0	9721
chr15	65333274	0	10136	0	0	10136
chr15	79042520	0	11297	0	0	11297
chr15	80115575	10398	0	0	0	10398
chr15	92613399	8326	0	0	0	8326
chr15	100716908	0	11765	0	0	11765
chr15	100814131	0	0	10632	0	10632
chr16	149567	0	0	11165	0	11165
chr16	6034615	0	0	0	9245	9245
chr16	6379558	0	0	8515	0	8515
chr16	6438926	0	0	10697	0	10697
chr16	6457927	0	5519	0	0	5519
chr16	6539222	0	0	8806	0	8806
chr16	9910458	4059	0	0	0	4059
chr16	19458933	0	0	10527	0	10527
chr16	20911700	8968	0	0	0	8968
chr16	23413206	0	0	10143	0	10143
chr16	27853798	0	11012	0	0	11012
chr16	52568377	0	0	8822	0	8822
chr16	55329190	0	5794	0	0	5794
chr16	57370498	0	0	8238	0	8238
chr16	58189462	0	11558	0	0	11558
chr16	66398998	11362	0	0	0	11362
chr16	68840239	0	10821	0	0	10821
chr16	73386067	8789	0	0	0	8789
chr16	87938481	0	0	12014	0	12014
chr17	5834703	0	10785	0	0	10785
chr17	5866063	0	0	10885	0	10885
chr17	7673802	0	12070	0	0	12070
chr17	12621615	0	0	0	8634	8634
chr17	28808409	11526	0	0	0	11526
chr17	31301370	0	0	8965	0	8965
chr17	33287817	0	0	11868	0	11868
chr17	41579989	0	11270	0	0	11270
chr17	51067636	0	0	9431	0	9431
chr17	53823345	0	0	10887	0	10887
chr17	60663388	0	12098	0	0	12098
chr17	64544026	10849	0	0	0	10849
chr17	70179283	0	0	8232	0	8232
chr17	78362732	0	9719	0	0	9719
chr18	2067928	0	0	11097	0	11097
chr18	4193999	0	0	0	7337	7337
chr18	7579277	10412	0	0	0	10412
chr18	7731753	0	10712	0	0	10712
chr18	27125186	0	0	6982	0	6982
chr18	27479420	0	0	0	4901	4901
chr18	28792727	0	0	7360	0	7360
chr18	32968807	6656	0	0	0	6656
chr18	35001085	0	7695	0	0	7695
chr18	36458917	0	9181	0	0	9181
chr18	44779472	11297	0	0	0	11297
chr18	48391046	0	11855	0	0	11855
chr18	50593212	0	0	11181	0	11181
chr18	53105846	0	10317	0	0	10317
chr18	53122862	0	11084	0	0	11084
chr18	58968498	0	0	0	11570	11570
chr18	62527782	0	0	8904	0	8904
chr18	67860350	0	0	10513	0	10513
chr18	69764027	0	11384	0	0	11384
chr18	69785965	0	0	9278	0	9278
chr18	74666478	0	0	11935	0	11935
chr18	75019013	0	8677	0	0	8677
chr19	1093607	0	0	8223	0	8223
chr19	3425123	11840	0	0	0	11840
chr19	15666453	0	0	10633	0	10633
chr19	16694405	8493	0	0	0	8493
chr19	29509553	0	0	12222	0	12222
chr19	30323707	11811	0	0	0	11811
chr19	30530988	0	11345	0	0	11345
chr19	32773283	0	11381	0	0	11381
chr19	38932504	10294	0	0	0	10294
chr19	44782374	0	0	10879	0	10879
chr19	50881682	0	0	8796	0	8796
chr19	55915778	0	9119	0	0	9119
chr2	1154701	0	0	9760	0	9760
chr2	1742960	0	0	0	10681	10681
chr2	10406468	0	11637	0	0	11637
chr2	15329122	0	0	0	10207	10207
chr2	25241701	12002	0	0	0	12002
chr2	25251367	0	8503	0	0	8503
chr2	26629585	0	0	11411	0	11411
chr2	37697692	0	8939	0	0	8939
chr2	45322516	0	11323	0	0	11323
chr2	45439862	0	0	0	10120	10120
chr2	54770891	0	0	0	11399	11399
chr2	71567135	0	0	0	11525	11525
chr2	98389058	0	0	12041	0	12041
chr2	102143159	10492	0	0	0	10492
chr2	114707074	0	0	11408	0	11408
chr2	127665413	0	0	0	11486	11486
chr2	132582239	0	0	10036	0	10036
chr2	133060545	0	0	9612	0	9612
chr2	144917388	0	0	0	11360	11360
chr2	145061824	10193	0	0	0	10193
chr2	162615022	0	0	7534	0	7534
chr2	173947911	0	0	0	10939	10939
chr2	235924482	0	0	11467	0	11467
chr2	238869095	11238	0	0	0	11238
chr20	83125	0	0	11158	0	11158
chr20	2689922	0	0	0	11240	11240
chr20	14300230	0	0	10534	0	10534
chr20	15897758	6685	0	0	0	6685
chr20	17433203	0	0	10474	0	10474
chr20	17438999	0	0	0	11671	11671
chr20	31388798	0	11048	0	0	11048
chr20	33644524	0	0	11458	0	11458
chr20	37048246	0	0	0	11893	11893
chr20	42445112	0	11063	0	0	11063
chr20	43031232	0	0	11986	0	11986
chr20	46027033	0	11582	0	0	11582
chr20	46176605	0	10113	0	0	10113
chr20	53088002	0	11495	0	0	11495
chr20	57180459	0	0	8558	0	8558
chr21	15618094	0	0	10282	0	10282
chr21	19343639	0	0	5219	0	5219
chr21	24442239	0	0	0	9750	9750
chr21	25136440	0	0	0	11120	11120
chr21	27426571	0	0	0	7995	7995
chr21	32105632	0	0	10290	0	10290
chr21	32724635	0	0	4396	0	4396
chr21	33343100	0	0	0	10900	10900
chr22	19671429	0	5274	0	5000	10274
chr22	23146941	0	11490	0	0	11490
chr22	32446726	10918	0	0	0	10918
chr22	34025088	0	0	11436	0	11436
chr22	34067533	0	0	0	11445	11445
chr22	36632626	0	0	0	9750	9750
chr22	39588782	0	0	11231	0	11231
chr22	39763307	0	0	9984	0	9984
chr22	50177619	0	11299	0	0	11299
chr22	50704303	0	0	11022	0	11022
chr3	10285215	0	12307	0	0	12307
chr3	11791441	0	0	0	11532	11532
chr3	19237681	10411	0	0	0	10411
chr3	21693754	5805	0	0	0	5805
chr3	37310467	0	0	8939	0	8939
chr3	38284916	0	0	11485	0	11485
chr3	44363269	0	0	9259	0	9259
chr3	44952729	0	12020	0	0	12020
chr3	79767152	0	0	10979	0	10979
chr3	107382386	10417	0	0	0	10417
chr3	113155227	0	0	0	7695	7695
chr3	116085338	0	10217	0	0	10217
chr3	116726256	0	10608	0	0	10608
chr3	117543855	0	9811	0	0	9811
chr3	124684464	0	11095	0	0	11095
chr3	140454496	0	10598	0	0	10598
chr3	156415939	0	11559	0	0	11559
chr3	156497298	0	0	11187	0	11187
chr3	177567328	0	0	0	10171	10171
chr3	192811966	0	10261	0	0	10261
chr4	6459102	0	11572	0	0	11572
chr4	20521698	0	10679	0	0	10679
chr4	39368569	0	0	0	10427	10427
chr4	40516043	0	8832	0	0	8832
chr4	41632702	0	11594	0	0	11594
chr4	46041809	0	10475	0	0	10475
chr4	54028492	0	0	0	9694	9694
chr4	61227827	10600	0	0	0	10600
chr4	68105471	0	0	0	9995	9995
chr4	94932782	0	0	8051	0	8051
chr4	105275204	0	11841	0	0	11841
chr4	117369082	0	6087	0	0	6087
chr4	118029843	0	0	0	7693	7693
chr4	136882056	0	0	10317	0	10317
chr4	139722579	9443	0	0	0	9443
chr4	171825435	0	0	0	10011	10011
chr4	173533424	0	0	0	11354	11354
chr4	177840335	0	0	9863	0	9863
chr5	7122445	0	0	11461	0	11461
chr5	7476150	0	0	8702	0	8702
chr5	9516855	0	0	11008	0	11008
chr5	16081001	11206	0	0	0	11206
chr5	16799180	0	0	10209	0	10209
chr5	26395126	5319	0	0	0	5319
chr5	27027008	0	8016	0	0	8016
chr5	35909655	0	0	9998	0	9998
chr5	42858784	0	10501	0	0	10501
chr5	45580010	0	0	10367	0	10367
chr5	60597295	7559	0	0	0	7559
chr5	61368607	0	0	0	10366	10366
chr5	73282578	0	0	11806	0	11806
chr5	80425361	10666	0	0	0	10666
chr5	83179950	0	0	9734	0	9734
chr5	111118182	0	0	0	10838	10838
chr5	114477338	0	0	7928	0	7928
chr5	126355471	0	0	10809	0	10809
chr5	132280512	0	0	11913	0	11913
chr5	137139894	0	11187	0	0	11187
chr5	149136585	0	10598	0	0	10598
chr5	156450715	7425	0	0	0	7425
chr5	162070088	0	0	0	5321	5321
chr5	167685565	0	0	10405	0	10405
chr5	178981641	0	0	11653	0	11653
chr6	39208712	11627	0	0	0	11627
chr6	42424894	0	0	0	10968	10968
chr6	50745106	0	0	11168	0	11168
chr6	54921023	7589	0	0	0	7589
chr6	56164611	0	0	0	8494	8494
chr6	72823822	10000	0	0	0	10000
chr6	97926608	0	9420	0	0	9420
chr6	123214387	7118	0	0	0	7118
chr6	128525222	0	11733	0	0	11733
chr6	128939397	0	0	0	8348	8348
chr6	148505123	0	0	12131	0	12131
chr6	150236254	0	0	10408	0	10408
chr6	151284044	0	0	11657	0	11657
chr6	156879739	10504	0	0	0	10504
chr6	166098026	0	0	0	10528	10528
chr6	169541880	0	0	0	4646	4646
chr7	3324741	0	0	9487	0	9487
chr7	3517174	0	0	10454	0	10454
chr7	3884930	0	11778	0	0	11778
chr7	3989636	0	11586	0	0	11586
chr7	18892701	9182	0	0	0	9182
chr7	21816505	0	10533	0	0	10533
chr7	27108877	0	0	7994	0	7994
chr7	37213242	0	0	10466	0	10466
chr7	42022250	0	10892	0	0	10892
chr7	44239171	0	0	10989	0	10989
chr7	44291059	0	0	0	11519	11519
chr7	55157734	0	11234	0	0	11234
chr7	89114094	0	4983	0	0	4983
chr7	102898017	0	0	8011	0	8011
chr7	114443108	0	0	10113	0	10113
chr7	123612453	0	8154	0	0	8154
chr7	129058902	0	9571	0	0	9571
chr7	134248169	0	0	10602	0	10602
chr7	134802240	0	0	7251	0	7251
chr7	137819873	0	11095	0	0	11095
chr7	148810344	0	0	0	11623	11623
chr7	148811627	0	11824	0	0	11824
chr7	158031014	0	11308	0	0	11308
chr8	3088430	9874	0	0	0	9874
chr8	3172437	0	0	10830	0	10830
chr8	3245358	0	0	11601	0	11601
chr8	3257804	0	0	11583	0	11583
chr8	3721952	0	0	10937	0	10937
chr8	18185701	0	0	0	5954	5954
chr8	25483968	0	0	5628	0	5628
chr8	27305102	0	0	11505	0	11505
chr8	28027962	3604	0	0	0	3604
chr8	35683818	0	0	0	11075	11075
chr8	41850923	0	0	11532	0	11532
chr8	50190656	0	0	0	8901	8901
chr8	65633841	0	0	10728	0	10728
chr8	66708097	0	0	7144	0	7144
chr8	68756692	0	0	4266	0	4266
chr8	85129252	0	0	0	9635	9635
chr8	87069790	9854	0	0	0	9854
chr8	91086921	0	0	8937	0	8937
chr8	100219126	0	0	10857	0	10857
chr8	113312898	0	0	6591	0	6591
chr8	113401478	0	8555	0	0	8555
chr8	119785904	7891	0	0	0	7891
chr8	139698313	0	11443	0	0	11443
chr9	4597502	0	0	8205	0	8205
chr9	9252386	1	0	9824	0	9825
chr9	9555526	9878	0	0	0	9878
chr9	19721212	0	8825	0	0	8825
chr9	21971029	0	9528	0	0	9528
chr9	101640362	0	10834	0	0	10834
chr9	106598206	0	0	0	9456	9456
chr9	109501997	11172	0	0	0	11172
chr9	112266538	0	0	0	9000	9000
chr9	128395001	0	0	11663	0	11663
chr9	134415169	10869	0	0	0	10869
chrX	11637021	0	0	2911	0	2911
chrX	12288772	0	0	10557	0	10557
chrX	15835476	0	0	9571	0	9571
chrX	17845322	0	11392	0	0	11392
chrX	29747945	0	0	9541	0	9541
chrX	32848180	0	0	11095	0	11095
chrX	45849345	0	9719	0	0	9719
chrX	72128810	0	0	12620	0	12620
chrX	104593414	0	0	9322	0	9322
chrX	105678895	0	5427	0	0	5427
chrX	105841353	0	0	9701	0	9701
chrX	108305108	0	11090	0	0	11090
chrX	109378360	0	0	11230	0	11230
chrX	109621230	11459	0	0	0	11459
chrX	132489973	0	8201	0	0	8201
chrX	133881186	0	11018	0	0	11018
chrX	154938339	0	0	9085	0	9085
