#CHR	POS	Count_A	Count_C	Count_G	Count_T	Good_depth
chr1	4551169	0	0	9953	0	9953
chr1	8653318	0	0	0	6825	6825
chr1	20167322	0	0	11483	0	11483
chr1	33876265	11164	0	0	0	11164
chr1	42703955	0	0	10369	0	10369
chr1	44078273	0	8546	0	0	8546
chr1	49227014	0	10735	0	0	10735
chr1	51946640	0	10997	0	0	10997
chr1	57542637	0	10331	0	0	10331
chr1	59993665	6740	0	0	0	6740
chr1	63244456	0	8401	0	0	8401
chr1	75159281	0	10532	0	0	10532
chr1	77123422	0	8578	0	0	8578
chr1	80630555	8076	0	0	0	8076
chr1	85803894	0	8231	0	0	8231
chr1	103052013	0	0	0	9645	9645
chr1	109601275	0	10128	0	0	10128
chr1	115030755	0	10660	0	0	10660
chr1	117113739	0	0	11022	0	11022
chr1	175508637	0	10775	0	0	10775
chr1	184629144	0	0	9815	0	9815
chr1	184975298	0	11075	0	0	11075
chr1	197482223	0	0	8818	0	8818
chr1	200151609	0	0	0	8612	8612
chr1	229465351	0	9761	0	0	9761
chr10	5858380	0	0	0	10529	10529
chr10	14586207	0	11460	0	0	11460
chr10	22211104	0	0	9733	0	9733
chr10	25270158	0	0	0	9339	9339
chr10	27082826	0	0	0	7203	7203
chr10	30041333	11894	0	0	0	11894
chr10	35131703	8326	0	0	0	8326
chr10	62664688	0	0	10980	0	10980
chr10	73148784	8386	0	0	0	8386
chr10	75095801	0	0	10995	0	10995
chr10	75988491	0	0	0	7280	7280
chr10	85902732	0	0	0	10732	10732
chr10	86181339	0	0	10397	0	10397
chr10	92337774	0	0	9777	0	9777
chr10	97004015	0	0	10893	0	10893
chr10	119277944	0	0	11170	0	11170
chr10	122272140	0	0	10808	0	10808
chr10	123494840	0	0	0	11356	11356
chr11	9060299	0	11170	0	0	11170
chr11	12452833	0	10700	0	0	10700
chr11	16448684	0	7980	0	0	7980
chr11	17742288	0	0	7316	0	7316
chr11	28675735	0	0	0	9680	9680
chr11	34495982	0	0	11264	0	11264
chr11	36153821	0	0	10507	0	10507
chr11	61104592	0	11790	0	0	11790
chr11	72657766	0	11461	0	0	11461
chr11	75204789	0	10899	0	0	10899
chr11	79345466	0	0	9357	0	9357
chr11	82358771	5598	0	0	0	5598
chr11	82841162	0	7006	0	0	7006
chr11	88806002	0	6552	0	0	6552
chr11	95109864	0	0	11507	0	11507
chr11	99206570	0	0	9337	0	9337
chr11	99568787	0	0	7624	0	7624
chr11	103703043	0	0	10296	0	10296
chr11	115715728	0	10065	0	0	10065
chr11	116870374	1	10770	1	0	10772
chr11	131690353	0	11271	0	0	11271
chr11	132079459	0	10633	0	0	10633
chr12	5493483	0	11442	0	0	11442
chr12	21601728	0	0	0	10256	10256
chr12	25160011	0	6512	0	0	6512
chr12	26645129	0	0	0	10946	10946
chr12	26782362	3951	0	0	0	3951
chr12	52079237	0	0	10798	0	10798
chr12	52595717	0	0	9724	0	9724
chr12	66032460	0	0	10047	0	10047
chr12	71128007	0	8336	0	0	8336
chr12	71328041	0	0	9547	0	9547
chr12	75146865	0	8381	0	0	8381
chr12	79117379	0	9585	0	0	9585
chr12	80593442	0	8581	0	0	8581
chr12	82519695	0	0	7734	0	7734
chr12	95214749	0	7033	0	0	7033
chr12	98291006	0	8055	0	0	8055
chr12	106685795	0	10011	0	0	10011
chr12	109763696	0	0	0	11095	11095
chr12	125618357	0	10493	0	0	10493
chr12	131030749	0	0	11273	0	11273
chr12	132023655	3625	0	0	0	3625
chr13	29381512	0	0	7869	0	7869
chr13	42036116	0	0	7498	0	7498
chr13	42240684	8367	0	0	0	8367
chr13	60142103	0	9746	0	0	9746
chr13	60439471	0	0	0	8426	8426
chr13	77138657	0	8724	0	0	8724
chr13	85373372	0	5730	0	0	5730
chr13	85427587	0	0	0	9497	9497
chr13	97288391	9688	0	0	0	9688
chr13	101324295	0	0	7380	0	7380
chr13	101837563	0	0	8555	0	8555
chr13	101854619	0	0	8674	0	8674
chr13	101932175	0	0	0	9935	9935
chr13	107545694	0	0	11018	0	11018
chr13	107614443	0	8079	0	0	8079
chr13	114254603	0	0	6598	0	6598
chr14	27096948	0	0	0	8093	8093
chr14	29794017	8106	0	0	0	8106
chr14	33560608	0	0	9691	0	9691
chr14	38902618	0	0	10805	0	10805
chr14	41647219	9750	0	0	0	9750
chr14	58866458	0	11525	0	0	11525
chr14	67543343	0	0	9619	0	9619
chr14	71596357	0	10038	0	0	10038
chr14	72043618	0	0	0	9459	9459
chr14	72792911	0	4517	0	0	4517
chr14	75696887	5752	0	0	0	5752
chr14	76153957	0	0	0	9676	9676
chr14	96345093	4338	0	0	0	4338
chr14	99815806	0	0	10834	0	10834
chr14	101772091	0	8113	0	0	8113
chr15	26642237	0	0	9072	0	9072
chr15	27163093	0	0	10515	0	10515
chr15	27350630	0	0	10012	0	10012
chr15	27791772	0	8472	0	0	8472
chr15	31581854	0	10291	0	0	10291
chr15	39607771	0	0	7398	0	7398
chr15	39799601	0	11146	0	0	11146
chr15	44013678	0	8306	0	0	8306
chr15	51102786	0	11956	0	0	11956
chr15	52760851	0	0	9529	0	9529
chr15	65333274	0	9914	0	0	9914
chr15	79042520	0	11005	0	0	11005
chr15	80115575	9888	0	0	0	9888
chr15	92613399	7793	0	0	0	7793
chr15	100716908	0	11426	0	0	11426
chr15	100814131	0	0	10411	0	10411
chr16	149567	0	0	10971	0	10971
chr16	6034615	0	0	0	8731	8731
chr16	6379558	0	0	8067	0	8067
chr16	6438926	0	0	10195	0	10195
chr16	6457927	0	4930	0	0	4930
chr16	6539222	0	0	9003	0	9003
chr16	9910458	4088	0	0	0	4088
chr16	19458933	0	0	10313	0	10313
chr16	20911700	8404	0	0	0	8404
chr16	23413206	0	0	9616	0	9616
chr16	27853798	0	10605	0	0	10605
chr16	52568377	0	0	8623	0	8623
chr16	55329190	0	5530	0	0	5530
chr16	57370498	0	0	7762	0	7762
chr16	58189462	0	11396	0	0	11396
chr16	66398998	10819	0	0	0	10819
chr16	68840239	0	10916	0	0	10916
chr16	73386067	8327	0	0	0	8327
chr16	87938481	0	0	5883	0	5883
chr17	5834703	0	10627	0	0	10627
chr17	5866063	0	0	10850	0	10850
chr17	7673802	0	11666	0	0	11666
chr17	12621615	0	0	0	8381	8381
chr17	28808409	11107	0	0	0	11107
chr17	31301370	0	0	8580	0	8580
chr17	33287817	0	0	11580	0	11580
chr17	41579989	0	10886	0	0	10886
chr17	51067636	0	0	9133	0	9133
chr17	53823345	0	0	10590	0	10590
chr17	60663388	0	11675	0	0	11675
chr17	64544026	10481	0	0	0	10481
chr17	70179283	0	0	8014	0	8014
chr17	78362732	0	9079	0	0	9079
chr18	2067928	0	0	10966	0	10966
chr18	4193999	0	0	0	6811	6811
chr18	7579277	10029	0	0	0	10029
chr18	7731753	0	10246	0	0	10246
chr18	27125186	0	0	6727	0	6727
chr18	27479420	0	0	0	4801	4801
chr18	28792727	0	0	7356	0	7356
chr18	32968807	6482	0	0	0	6482
chr18	35001085	0	7275	0	0	7275
chr18	36458917	0	9559	0	0	9559
chr18	44779472	10770	0	0	0	10770
chr18	48391046	0	11515	0	0	11515
chr18	50593212	0	0	11029	0	11029
chr18	53105846	0	9880	0	0	9880
chr18	53122862	0	10928	0	0	10928
chr18	58968498	0	0	0	11060	11060
chr18	62527782	0	0	8510	0	8510
chr18	67860350	0	0	10135	0	10135
chr18	69764027	0	10821	0	0	10821
chr18	69785965	0	0	8803	0	8803
chr18	74666478	0	0	11568	0	11568
chr18	75019013	0	8356	0	0	8356
chr19	1093607	0	0	7748	0	7748
chr19	3425123	11359	0	0	0	11359
chr19	15666453	0	0	9542	0	9542
chr19	16694405	8036	0	0	0	8036
chr19	29509553	0	0	16860	0	16860
chr19	30323707	11626	0	0	0	11626
chr19	30530988	0	10942	0	0	10942
chr19	32773283	0	10994	0	0	10994
chr19	38932504	10232	0	0	0	10232
chr19	44782374	0	0	10658	0	10658
chr19	50881682	0	0	8646	0	8646
chr19	55915778	0	8837	0	0	8837
chr2	1154701	0	0	9437	0	9437
chr2	1742960	0	0	0	10184	10184
chr2	10406468	0	11250	0	0	11250
chr2	15329122	0	0	0	9761	9761
chr2	25241701	11652	0	0	0	11652
chr2	25251367	0	8293	0	0	8293
chr2	26629585	0	0	11234	0	11234
chr2	37697692	0	8658	0	0	8658
chr2	45322516	0	10942	0	0	10942
chr2	45439862	0	0	0	9484	9484
chr2	54770891	0	0	0	11096	11096
chr2	71567135	0	0	0	11141	11141
chr2	98389058	0	0	11451	0	11451
chr2	102143159	10449	0	0	0	10449
chr2	114707074	0	0	10968	0	10968
chr2	127665413	0	0	0	11061	11061
chr2	132582239	0	0	9503	0	9503
chr2	133060545	0	0	9412	0	9412
chr2	144917388	0	0	0	10836	10836
chr2	145061824	9956	0	0	0	9956
chr2	162615022	0	0	7166	0	7166
chr2	173947911	0	0	0	10745	10745
chr2	235924482	0	0	10879	0	10879
chr2	238869095	10847	0	0	0	10847
chr20	83125	0	0	11429	0	11429
chr20	2689922	0	0	0	10936	10936
chr20	14300230	0	0	10224	0	10224
chr20	15897758	6367	0	0	0	6367
chr20	17433203	0	0	10147	0	10147
chr20	17438999	0	0	0	11243	11243
chr20	31388798	0	10721	0	0	10721
chr20	33644524	0	0	11102	0	11102
chr20	37048246	0	0	0	11642	11642
chr20	42445112	0	10656	0	0	10656
chr20	43031232	0	0	11448	0	11448
chr20	46027033	0	11104	0	0	11104
chr20	46176605	0	9733	0	0	9733
chr20	53088002	0	11081	0	0	11081
chr20	57180459	0	0	8413	0	8413
chr21	15618094	0	0	9766	0	9766
chr21	19343639	0	0	5178	0	5178
chr21	24442239	0	0	0	9432	9432
chr21	25136440	0	0	0	11070	11070
chr21	27426571	0	0	0	7717	7717
chr21	32105632	0	0	10233	0	10233
chr21	32724635	0	0	4008	0	4008
chr21	33343100	0	0	0	10937	10937
chr22	19671429	0	10056	0	0	10056
chr22	23146941	0	11287	0	0	11287
chr22	32446726	10651	0	0	0	10651
chr22	34025088	0	0	11341	0	11341
chr22	34067533	0	0	0	10908	10908
chr22	36632626	0	0	0	9312	9312
chr22	39588782	0	0	10971	0	10971
chr22	39763307	0	0	9766	0	9766
chr22	50177619	0	10961	0	0	10961
chr22	50704303	0	0	10966	0	10966
chr3	10285215	0	11996	0	0	11996
chr3	11791441	0	0	0	11370	11370
chr3	19237681	9901	0	0	0	9901
chr3	21693754	5702	0	0	0	5702
chr3	37310467	0	0	9014	0	9014
chr3	38284916	0	0	11411	0	11411
chr3	44363269	0	0	8727	0	8727
chr3	44952729	0	11878	0	0	11878
chr3	79767152	0	0	10770	0	10770
chr3	107382386	10188	0	0	0	10188
chr3	113155227	0	0	0	7426	7426
chr3	116085338	0	9852	0	0	9852
chr3	116726256	0	10384	0	0	10384
chr3	117543855	0	9680	0	0	9680
chr3	124684464	0	10742	0	0	10742
chr3	140454496	0	10145	0	0	10145
chr3	156415939	0	11582	0	0	11582
chr3	156497298	0	0	10822	0	10822
chr3	177567328	0	0	0	9692	9692
chr3	192811966	0	9759	0	0	9759
chr4	6459102	0	11367	0	0	11367
chr4	20521698	0	10569	0	0	10569
chr4	39368569	0	0	0	10296	10296
chr4	40516043	0	8421	0	0	8421
chr4	41632702	0	11367	0	0	11367
chr4	46041809	0	10056	0	0	10056
chr4	54028492	0	0	0	8815	8815
chr4	61227827	10224	0	0	0	10224
chr4	68105471	0	0	0	9901	9901
chr4	94932782	0	0	7884	0	7884
chr4	105275204	0	11612	0	0	11612
chr4	117369082	0	5821	0	0	5821
chr4	118029843	0	0	0	7487	7487
chr4	136882056	0	0	10277	0	10277
chr4	139722579	9150	0	0	0	9150
chr4	171825435	0	0	0	9605	9605
chr4	173533424	0	0	0	10610	10610
chr4	177840335	0	0	9806	0	9806
chr5	7122445	0	0	10982	0	10982
chr5	7476150	0	0	7956	0	7956
chr5	9516855	0	0	10852	0	10852
chr5	16081001	10943	0	0	0	10943
chr5	16799180	0	0	9934	0	9934
chr5	26395126	5285	0	0	0	5285
chr5	27027008	0	7973	0	0	7973
chr5	35909655	0	0	9558	0	9558
chr5	42858784	0	10539	0	0	10539
chr5	45580010	0	0	10345	0	10345
chr5	60597295	7522	0	0	0	7522
chr5	61368607	0	0	0	10205	10205
chr5	73282578	0	0	11274	0	11274
chr5	80425361	10455	0	0	0	10455
chr5	83179950	0	0	9473	0	9473
chr5	111118182	0	0	0	10927	10927
chr5	114477338	0	0	7643	0	7643
chr5	126355471	0	0	10303	0	10303
chr5	132280512	0	0	11387	0	11387
chr5	137139894	0	10471	0	0	10471
chr5	149136585	0	10370	0	0	10370
chr5	156450715	7313	0	0	0	7313
chr5	162070088	0	0	0	5229	5229
chr5	167685565	0	0	9928	0	9928
chr5	178981641	0	0	11311	0	11311
chr6	39208712	11162	0	0	0	11162
chr6	42424894	0	0	0	10501	10501
chr6	50745106	0	0	11120	0	11120
chr6	54921023	8309	0	0	0	8309
chr6	56164611	0	0	0	8087	8087
chr6	72823822	9797	0	0	0	9797
chr6	97926608	0	8984	0	0	8984
chr6	123214387	6766	0	0	0	6766
chr6	128525222	0	11234	0	0	11234
chr6	128939397	0	0	0	8163	8163
chr6	148505123	0	0	11749	0	11749
chr6	150236254	0	0	10194	0	10194
chr6	151284044	0	0	11151	0	11151
chr6	156879739	10203	0	0	0	10203
chr6	166098026	0	0	0	10102	10102
chr6	169541880	0	0	0	4336	4336
chr7	3324741	0	0	9176	0	9176
chr7	3517174	0	0	9933	0	9933
chr7	3884930	0	11197	0	0	11197
chr7	3989636	0	11178	0	0	11178
chr7	18892701	8830	0	0	0	8830
chr7	21816505	0	10340	0	0	10340
chr7	27108877	0	0	7579	0	7579
chr7	37213242	0	0	10297	0	10297
chr7	42022250	0	10370	0	0	10370
chr7	44239171	0	0	10372	0	10372
chr7	44291059	0	0	0	11010	11010
chr7	55157734	0	10933	0	0	10933
chr7	89114094	0	4781	0	0	4781
chr7	102898017	0	0	7439	0	7439
chr7	114443108	0	0	9893	0	9893
chr7	123612453	0	7659	0	0	7659
chr7	129058902	0	9381	0	0	9381
chr7	134248169	0	0	10430	0	10430
chr7	134802240	0	0	6976	0	6976
chr7	137819873	0	10963	0	0	10963
chr7	148810344	0	0	0	11257	11257
chr7	148811627	0	11669	0	0	11669
chr7	158031014	0	10988	0	0	10988
chr8	3088430	9660	0	0	0	9660
chr8	3172437	0	0	10408	0	10408
chr8	3245358	0	0	11038	0	11038
chr8	3257804	0	0	11176	0	11176
chr8	3721952	0	0	10598	0	10598
chr8	18185701	0	0	0	5669	5669
chr8	25483968	0	0	5334	0	5334
chr8	27305102	0	0	11116	0	11116
chr8	28027962	3445	0	0	0	3445
chr8	35683818	0	0	0	10588	10588
chr8	41850923	0	0	11357	0	11357
chr8	50190656	0	0	0	8637	8637
chr8	65633841	0	0	10333	0	10333
chr8	66708097	0	0	6956	0	6956
chr8	68756692	0	0	3553	0	3553
chr8	85129252	0	0	0	9285	9285
chr8	87069790	9459	0	0	0	9459
chr8	91086921	0	0	8592	0	8592
chr8	100219126	0	0	10613	0	10613
chr8	113312898	0	0	6229	0	6229
chr8	113401478	0	8200	0	0	8200
chr8	119785904	7515	0	0	0	7515
chr8	139698313	0	10844	0	0	10844
chr9	4597502	0	0	8746	0	8746
chr9	9252386	0	0	9530	0	9530
chr9	9555526	9555	0	0	0	9555
chr9	19721212	0	8577	0	0	8577
chr9	21971029	0	9235	0	0	9235
chr9	101640362	0	10450	0	0	10450
chr9	106598206	0	0	0	9222	9222
chr9	109501997	10552	0	0	0	10552
chr9	112266538	0	0	0	8828	8828
chr9	128395001	0	0	11275	0	11275
chr9	134415169	10180	0	0	0	10180
chrX	11637021	0	0	2810	0	2810
chrX	12288772	0	0	5578	0	5578
chrX	15835476	0	0	5256	0	5256
chrX	17845322	0	5793	0	0	5793
chrX	29747945	0	0	4295	0	4295
chrX	32848180	0	0	5340	0	5340
chrX	45849345	0	5248	0	0	5248
chrX	72128810	0	0	6132	0	6132
chrX	104593414	0	0	5085	0	5085
chrX	105678895	0	3392	0	0	3392
chrX	105841353	0	0	5180	0	5180
chrX	108305108	0	5557	0	0	5557
chrX	109378360	0	0	5720	0	5720
chrX	109621230	5812	0	0	0	5812
chrX	132489973	0	4106	0	0	4106
chrX	133881186	0	5396	0	0	5396
chrX	154938339	0	0	4980	0	4980
