#CHR	POS	Count_A	Count_C	Count_G	Count_T	Good_depth
chr1	4551169	0	0	13049	0	13049
chr1	8653318	0	0	0	8184	8184
chr1	20167322	0	0	14810	0	14810
chr1	33876265	14962	0	0	0	14962
chr1	42703955	0	0	14002	0	14002
chr1	44078273	0	11999	0	0	11999
chr1	49227014	0	14459	0	1	14460
chr1	51946640	0	15061	0	0	15061
chr1	57542637	0	14090	0	0	14090
chr1	59993665	9240	0	0	0	9240
chr1	63244456	0	10668	0	0	10668
chr1	75159281	0	15060	0	0	15060
chr1	77123422	0	11381	0	0	11381
chr1	80630555	11125	0	0	0	11125
chr1	85803894	0	10811	0	0	10811
chr1	103052013	0	0	0	13620	13620
chr1	109601275	0	13331	0	0	13331
chr1	115030755	0	14090	0	0	14090
chr1	117113739	1	0	15160	0	15161
chr1	175508637	0	14782	0	5	14787
chr1	184629144	0	0	12957	0	12957
chr1	184975298	0	14708	0	0	14708
chr1	197482223	0	0	11847	0	11847
chr1	200151609	0	0	0	11510	11510
chr1	229465351	0	12874	0	3	12877
chr10	5858380	0	0	0	13144	13144
chr10	14586207	0	14969	0	0	14969
chr10	22211104	0	0	13198	0	13198
chr10	25270158	0	0	0	12542	12542
chr10	27082826	0	0	0	9287	9287
chr10	30041333	16152	0	0	0	16152
chr10	35131703	11116	0	0	2	11118
chr10	62664688	4	0	14344	0	14348
chr10	73148784	10942	0	0	0	10942
chr10	75095801	0	0	14652	0	14652
chr10	75988491	0	0	0	10154	10154
chr10	85902732	0	0	0	14603	14603
chr10	86181339	0	0	14070	0	14070
chr10	92337774	0	0	12998	0	12998
chr10	97004015	0	0	14337	0	14337
chr10	119277944	0	0	15280	0	15280
chr10	122272140	0	0	14642	0	14642
chr10	123494840	0	0	0	15035	15035
chr11	9060299	0	15288	0	0	15288
chr11	12452833	0	14296	0	4	14300
chr11	16448684	0	10637	0	0	10637
chr11	17742288	0	0	10265	0	10265
chr11	28675735	0	0	0	13186	13186
chr11	34495982	5	0	15148	0	15153
chr11	36153821	0	0	14777	0	14777
chr11	61104592	0	15788	0	0	15788
chr11	72657766	0	15127	0	1	15128
chr11	75204789	0	14616	0	0	14616
chr11	79345466	0	0	12567	0	12567
chr11	82358771	7357	0	0	0	7357
chr11	82841162	0	12752	0	0	12752
chr11	88806002	0	8391	0	0	8391
chr11	95109864	0	0	15773	0	15773
chr11	99206570	0	0	12993	0	12993
chr11	99568787	0	0	10135	0	10135
chr11	103703043	0	0	13817	0	13817
chr11	115715728	0	13523	0	4	13527
chr11	116870374	0	14357	0	0	14357
chr11	131690353	0	15464	0	0	15464
chr11	132079459	0	14933	0	0	14933
chr12	5493483	0	15536	0	0	15536
chr12	21601728	1	0	0	14035	14036
chr12	25160011	0	8248	0	0	8248
chr12	26645129	0	0	0	14113	14113
chr12	26782362	5211	0	0	0	5211
chr12	52079237	1	0	14178	0	14179
chr12	52595717	0	0	13696	0	13696
chr12	66032460	0	0	13116	0	13116
chr12	71128007	0	10410	0	0	10410
chr12	71328041	0	0	13362	0	13362
chr12	75146865	0	10753	0	0	10753
chr12	79117379	0	12534	0	0	12534
chr12	80593442	0	11315	0	0	11315
chr12	82519695	0	0	10134	0	10134
chr12	95214749	0	9437	0	0	9437
chr12	98291006	0	10100	0	1	10101
chr12	106685795	0	13500	0	0	13500
chr12	109763696	0	0	0	14766	14766
chr12	125618357	0	14010	0	1	14011
chr12	131030749	1	0	15109	0	15110
chr12	132023655	4630	0	0	0	4630
chr13	29381512	0	0	11174	0	11174
chr13	42036116	0	0	9450	0	9450
chr13	42240684	10999	0	0	0	10999
chr13	60142103	0	13390	0	0	13390
chr13	60439471	0	0	0	11926	11926
chr13	77138657	0	11147	0	0	11147
chr13	85373372	0	7555	0	0	7555
chr13	85427587	0	0	0	12830	12830
chr13	97288391	13261	0	0	0	13261
chr13	101324295	0	0	9203	0	9203
chr13	101837563	1	0	11331	0	11332
chr13	101854619	0	0	12118	0	12118
chr13	101932175	0	0	0	13200	13200
chr13	107545694	0	0	15089	0	15089
chr13	107614443	0	10356	0	0	10356
chr13	114254603	0	0	8354	0	8354
chr14	27096948	0	0	0	10544	10544
chr14	29794017	10830	0	0	0	10830
chr14	33560608	0	0	12669	0	12669
chr14	38902618	0	0	14938	0	14938
chr14	41647219	13493	0	0	0	13493
chr14	58866458	0	15678	0	1	15679
chr14	67543343	0	0	12743	0	12743
chr14	71596357	0	13520	0	0	13520
chr14	72043618	0	1	0	12501	12502
chr14	72792911	0	5561	0	0	5561
chr14	75696887	7896	0	0	0	7896
chr14	76153957	0	0	0	13109	13109
chr14	96345093	5631	0	0	0	5631
chr14	99815806	0	0	14764	0	14764
chr14	101772091	0	10866	0	0	10866
chr15	26642237	0	0	11501	0	11501
chr15	27163093	0	0	14428	0	14428
chr15	27350630	0	0	13281	0	13281
chr15	27791772	0	11038	0	1	11039
chr15	31581854	0	13160	0	0	13160
chr15	39607771	0	0	9778	0	9778
chr15	39799601	0	14433	0	0	14433
chr15	44013678	0	11303	0	0	11303
chr15	51102786	0	15822	0	0	15822
chr15	52760851	0	0	12562	0	12562
chr15	65333274	0	13174	0	4	13178
chr15	79042520	0	14426	0	0	14426
chr15	80115575	13622	0	0	0	13622
chr15	92613399	10537	0	0	0	10537
chr15	100716908	0	15249	0	0	15249
chr15	100814131	0	0	13856	0	13856
chr16	149567	0	0	14028	0	14028
chr16	6034615	0	0	0	11478	11478
chr16	6379558	0	0	11195	0	11195
chr16	6438926	0	0	14026	0	14026
chr16	6457927	0	8344	0	0	8344
chr16	6539222	0	0	12036	0	12036
chr16	9910458	5450	0	2	0	5452
chr16	19458933	0	0	14353	0	14353
chr16	20911700	11108	0	0	0	11108
chr16	23413206	0	0	12957	0	12957
chr16	27853798	0	13719	0	0	13719
chr16	52568377	0	0	11237	0	11237
chr16	55329190	0	7102	0	0	7102
chr16	57370498	0	0	10263	0	10263
chr16	58189462	0	15136	0	1	15137
chr16	66398998	14817	0	0	0	14817
chr16	68840239	0	14059	0	0	14059
chr16	73386067	11303	0	0	0	11303
chr16	87938481	0	0	16428	0	16428
chr17	5834703	0	14523	0	2	14525
chr17	5866063	0	0	14372	0	14372
chr17	7673802	0	15801	0	0	15801
chr17	12621615	0	1	0	11788	11789
chr17	28808409	15091	0	0	0	15091
chr17	31301370	0	0	11300	0	11300
chr17	33287817	0	0	15505	0	15505
chr17	41579989	0	14444	0	0	14444
chr17	51067636	0	0	11943	0	11943
chr17	53823345	0	0	14341	0	14341
chr17	60663388	0	16620	0	1	16621
chr17	64544026	14186	0	0	0	14186
chr17	70179283	0	0	10529	0	10529
chr17	78362732	0	12182	0	0	12182
chr18	2067928	0	0	14654	0	14654
chr18	4193999	0	0	0	10153	10153
chr18	7579277	13156	1	0	0	13157
chr18	7731753	0	14051	0	0	14051
chr18	27125186	0	0	8429	0	8429
chr18	27479420	0	0	0	5612	5612
chr18	28792727	0	0	9925	0	9925
chr18	32968807	8440	0	0	0	8440
chr18	35001085	0	9279	0	0	9279
chr18	36458917	0	12498	0	0	12498
chr18	44779472	14970	0	0	0	14970
chr18	48391046	0	15544	0	1	15545
chr18	50593212	0	0	14567	0	14567
chr18	53105846	0	13626	0	0	13626
chr18	53122862	0	15072	0	0	15072
chr18	58968498	0	4	0	14791	14795
chr18	62527782	0	0	11348	0	11348
chr18	67860350	0	0	14038	0	14038
chr18	69764027	0	15019	0	0	15019
chr18	69785965	0	0	11878	0	11878
chr18	74666478	0	0	15429	0	15429
chr18	75019013	0	10944	0	0	10944
chr19	1093607	0	0	11031	0	11031
chr19	3425123	15192	0	0	0	15192
chr19	15666453	0	0	12793	0	12793
chr19	16694405	10582	0	0	0	10582
chr19	29509553	0	0	15496	0	15496
chr19	30323707	15831	0	0	0	15831
chr19	30530988	0	14615	0	3	14618
chr19	32773283	0	15196	0	1	15197
chr19	38932504	13172	0	0	0	13172
chr19	44782374	0	0	14040	0	14040
chr19	50881682	0	0	11306	0	11306
chr19	55915778	0	11498	0	0	11498
chr2	1154701	0	0	12574	0	12574
chr2	1742960	0	2	0	13939	13941
chr2	10406468	0	15168	0	2	15170
chr2	15329122	0	4	0	13017	13021
chr2	25241701	15633	0	0	0	15633
chr2	25251367	0	10229	0	0	10229
chr2	26629585	0	0	14590	0	14590
chr2	37697692	0	11216	0	0	11216
chr2	45322516	0	14712	0	0	14712
chr2	45439862	0	0	0	12334	12334
chr2	54770891	0	0	0	14983	14983
chr2	71567135	0	0	0	15229	15229
chr2	98389058	0	0	15601	0	15601
chr2	102143159	13020	0	0	0	13020
chr2	114707074	0	0	15269	0	15269
chr2	127665413	0	1	0	14659	14660
chr2	132582239	0	0	12777	0	12777
chr2	133060545	0	0	12454	0	12454
chr2	144917388	0	0	0	14759	14759
chr2	145061824	13716	0	3	0	13719
chr2	162615022	0	0	9309	0	9309
chr2	173947911	0	0	0	14114	14114
chr2	235924482	0	0	15075	0	15075
chr2	238869095	15066	0	0	0	15066
chr20	83125	1	0	14926	0	14927
chr20	2689922	0	0	0	14551	14551
chr20	14300230	3	0	14054	0	14057
chr20	15897758	8400	0	0	0	8400
chr20	17433203	0	0	13602	0	13602
chr20	17438999	0	0	0	15061	15061
chr20	31388798	0	14475	0	0	14475
chr20	33644524	0	0	15010	0	15010
chr20	37048246	0	0	0	15813	15813
chr20	42445112	0	14754	0	0	14754
chr20	43031232	0	0	15559	0	15559
chr20	46027033	0	15221	0	0	15221
chr20	46176605	0	12675	0	0	12675
chr20	53088002	0	15069	0	0	15069
chr20	57180459	0	0	10724	0	10724
chr21	15618094	0	0	13561	0	13561
chr21	19343639	0	0	6356	0	6356
chr21	24442239	0	0	0	13158	13158
chr21	25136440	0	0	0	14878	14878
chr21	27426571	0	3	0	10397	10400
chr21	32105632	0	0	13516	0	13516
chr21	32724635	0	0	5045	0	5045
chr21	33343100	0	0	0	14514	14514
chr22	19671429	0	13198	0	1	13199
chr22	23146941	0	15115	0	0	15115
chr22	32446726	14402	0	0	0	14402
chr22	34025088	0	0	15529	0	15529
chr22	34067533	0	0	0	14708	14708
chr22	36632626	6	0	0	12226	12232
chr22	39588782	0	0	14001	0	14001
chr22	39763307	1	0	12827	0	12828
chr22	50177619	0	14510	0	0	14510
chr22	50704303	0	0	13954	0	13954
chr3	10285215	0	16344	0	0	16344
chr3	11791441	0	0	0	15211	15211
chr3	19237681	13544	0	0	0	13544
chr3	21693754	7271	0	0	0	7271
chr3	37310467	0	0	11358	0	11358
chr3	38284916	0	0	15494	0	15494
chr3	44363269	5	0	12169	0	12174
chr3	44952729	0	15569	0	0	15569
chr3	79767152	1	0	14614	0	14615
chr3	107382386	14323	0	0	0	14323
chr3	113155227	0	0	0	9640	9640
chr3	116085338	0	13650	0	0	13650
chr3	116726256	0	13749	0	0	13749
chr3	117543855	0	13249	0	0	13249
chr3	124684464	0	14326	0	0	14326
chr3	140454496	0	13593	0	0	13593
chr3	156415939	0	15313	0	4	15317
chr3	156497298	0	0	14756	0	14756
chr3	177567328	0	0	0	13577	13577
chr3	192811966	0	12992	0	0	12992
chr4	6459102	0	14969	0	0	14969
chr4	20521698	0	14786	0	0	14786
chr4	39368569	0	0	0	13844	13844
chr4	40516043	0	11439	0	0	11439
chr4	41632702	0	15353	0	0	15353
chr4	46041809	0	14241	0	0	14241
chr4	54028492	0	1	0	12785	12786
chr4	61227827	14419	0	0	0	14419
chr4	68105471	0	0	0	13200	13200
chr4	94932782	5	0	10332	0	10337
chr4	105275204	0	15709	0	0	15709
chr4	117369082	0	6434	0	0	6434
chr4	118029843	0	0	0	9657	9657
chr4	136882056	0	0	14030	0	14030
chr4	139722579	12685	0	0	0	12685
chr4	171825435	0	0	0	11292	11292
chr4	173533424	0	0	0	14536	14536
chr4	177840335	2	0	13160	0	13162
chr5	7122445	0	0	15191	0	15191
chr5	7476150	0	0	11219	0	11219
chr5	9516855	2	0	14667	0	14669
chr5	16081001	14809	0	0	0	14809
chr5	16799180	0	0	13365	0	13365
chr5	26395126	5744	0	0	0	5744
chr5	27027008	0	10412	0	0	10412
chr5	35909655	0	0	13714	0	13714
chr5	42858784	0	13872	0	0	13872
chr5	45580010	0	0	13818	0	13818
chr5	60597295	9589	0	0	0	9589
chr5	61368607	0	0	0	13952	13952
chr5	73282578	0	0	15276	0	15276
chr5	80425361	14371	0	0	0	14371
chr5	83179950	0	0	12724	0	12724
chr5	111118182	0	0	0	14794	14794
chr5	114477338	0	0	10209	0	10209
chr5	126355471	0	0	13813	0	13813
chr5	132280512	0	0	14920	0	14920
chr5	137139894	0	14121	0	0	14121
chr5	149136585	0	13488	0	0	13488
chr5	156450715	9362	0	0	0	9362
chr5	162070088	0	0	0	6716	6716
chr5	167685565	0	0	14224	0	14224
chr5	178981641	0	0	15041	0	15041
chr6	39208712	14682	0	0	6	14688
chr6	42424894	0	1	0	14206	14207
chr6	50745106	0	0	14657	0	14657
chr6	54921023	11469	0	0	0	11469
chr6	56164611	0	0	0	10774	10774
chr6	72823822	13513	0	0	0	13513
chr6	97926608	0	12014	0	0	12014
chr6	123214387	8590	0	0	0	8590
chr6	128525222	0	15377	0	0	15377
chr6	128939397	0	0	0	10951	10951
chr6	148505123	0	0	15941	0	15941
chr6	150236254	0	1	13592	0	13593
chr6	151284044	5	0	15080	0	15085
chr6	156879739	13697	0	0	0	13697
chr6	166098026	0	0	0	13044	13044
chr6	169541880	0	0	0	5456	5456
chr7	3324741	0	0	12299	0	12299
chr7	3517174	0	0	14575	0	14575
chr7	3884930	0	15170	0	4	15174
chr7	3989636	0	15156	0	0	15156
chr7	18892701	11724	0	0	0	11724
chr7	21816505	0	14228	0	0	14228
chr7	27108877	0	1	9822	0	9823
chr7	37213242	0	0	13642	0	13642
chr7	42022250	0	14697	0	0	14697
chr7	44239171	0	0	13774	0	13774
chr7	44291059	0	0	0	14752	14752
chr7	55157734	0	15176	0	0	15176
chr7	89114094	0	5898	0	0	5898
chr7	102898017	0	0	9830	0	9830
chr7	114443108	0	0	13339	0	13339
chr7	123612453	0	12485	0	0	12485
chr7	129058902	0	12388	0	0	12388
chr7	134248169	0	0	14609	0	14609
chr7	134802240	0	0	8820	1	8821
chr7	137819873	0	14323	0	0	14323
chr7	148810344	0	0	0	15879	15879
chr7	148811627	0	16306	0	5	16311
chr7	158031014	0	15028	0	0	15028
chr8	3088430	13285	0	0	1	13286
chr8	3172437	0	0	14541	0	14541
chr8	3245358	0	0	15618	0	15618
chr8	3257804	0	0	14885	0	14885
chr8	3721952	2	0	14474	0	14476
chr8	18185701	0	3	0	7959	7962
chr8	25483968	0	0	6695	0	6695
chr8	27305102	0	0	14913	0	14913
chr8	28027962	4426	0	0	0	4426
chr8	35683818	0	0	0	14872	14872
chr8	41850923	2	0	15113	0	15115
chr8	50190656	0	0	0	11747	11747
chr8	65633841	0	0	13566	0	13566
chr8	66708097	0	0	9209	0	9209
chr8	68756692	0	0	4955	0	4955
chr8	85129252	0	0	0	12245	12245
chr8	87069790	13335	0	0	0	13335
chr8	91086921	0	0	11483	0	11483
chr8	100219126	0	0	14678	0	14678
chr8	113312898	0	0	7902	0	7902
chr8	113401478	0	10808	0	0	10808
chr8	119785904	9551	0	0	0	9551
chr8	139698313	0	14811	0	0	14811
chr9	4597502	0	0	11440	0	11440
chr9	9252386	0	0	12606	0	12606
chr9	9555526	13594	0	3	0	13597
chr9	19721212	0	10908	0	1	10909
chr9	21971029	0	11803	0	0	11803
chr9	101640362	0	14591	0	0	14591
chr9	106598206	0	0	0	11790	11790
chr9	109501997	14486	0	0	0	14486
chr9	112266538	0	0	0	12129	12129
chr9	128395001	0	0	15419	0	15419
chr9	134415169	13064	0	0	0	13064
chrX	11637021	0	0	3503	0	3503
chrX	12288772	1	0	7845	0	7846
chrX	15835476	0	0	7309	0	7309
chrX	17845322	0	7958	0	0	7958
chrX	29747945	3	0	7157	0	7160
chrX	32848180	0	0	7888	0	7888
chrX	45849345	0	7078	0	0	7078
chrX	72128810	0	0	8446	0	8446
chrX	104593414	0	0	6713	0	6713
chrX	105678895	0	4537	0	0	4537
chrX	105841353	0	0	7275	0	7275
chrX	108305108	0	7764	0	0	7764
chrX	109378360	0	0	7876	0	7876
chrX	109621230	8093	0	0	0	8093
chrX	132489973	0	5131	0	1	5132
chrX	133881186	0	7735	0	0	7735
chrX	154938339	0	0	6746	0	6746
