#CHR	POS	Count_A	Count_C	Count_G	Count_T	Good_depth
chr1	4551169	0	0	10888	0	10888
chr1	8653318	0	0	0	7509	7509
chr1	20167322	0	0	12302	0	12302
chr1	33876265	11788	0	0	0	11788
chr1	42703955	0	0	11243	0	11243
chr1	44078273	0	9471	0	0	9471
chr1	49227014	0	11173	0	0	11173
chr1	51946640	0	11552	0	0	11552
chr1	57542637	0	11557	0	0	11557
chr1	59993665	7469	0	0	0	7469
chr1	63244456	0	9266	0	0	9266
chr1	75159281	0	11317	0	0	11317
chr1	77123422	0	9262	0	0	9262
chr1	80630555	9230	0	0	0	9230
chr1	85803894	0	8778	0	0	8778
chr1	103052013	0	0	0	10848	10848
chr1	109601275	0	11152	0	0	11152
chr1	115030755	0	11206	0	0	11206
chr1	117113739	0	0	11882	0	11882
chr1	175508637	0	11835	0	0	11835
chr1	184629144	0	0	10424	0	10424
chr1	184975298	0	11830	0	0	11830
chr1	197482223	0	0	9606	0	9606
chr1	200151609	0	0	0	9073	9073
chr1	229465351	0	10642	0	0	10642
chr10	5858380	0	0	0	11622	11622
chr10	14586207	0	12079	0	0	12079
chr10	22211104	0	0	10872	0	10872
chr10	25270158	0	0	0	10203	10203
chr10	27082826	0	0	0	8282	8282
chr10	30041333	12839	0	0	0	12839
chr10	35131703	8902	0	0	0	8902
chr10	62664688	0	0	11899	0	11899
chr10	73148784	9101	0	0	0	9101
chr10	75095801	0	0	12108	0	12108
chr10	75988491	0	0	0	7800	7800
chr10	85902732	0	0	0	11643	11643
chr10	86181339	0	0	11568	0	11568
chr10	92337774	0	0	10771	0	10771
chr10	97004015	0	0	11927	0	11927
chr10	119277944	0	0	11965	0	11965
chr10	122272140	0	0	11836	0	11836
chr10	123494840	0	0	0	12103	12103
chr11	9060299	0	12161	0	0	12161
chr11	12452833	0	11276	0	0	11276
chr11	16448684	0	8741	0	0	8741
chr11	17742288	0	0	8131	0	8131
chr11	28675735	0	0	0	10499	10499
chr11	34495982	0	0	11773	0	11773
chr11	36153821	0	0	11567	0	11567
chr11	61104592	0	12541	0	0	12541
chr11	72657766	0	12261	0	0	12261
chr11	75204789	0	11783	0	0	11783
chr11	79345466	0	0	10316	0	10316
chr11	82358771	6511	0	0	0	6511
chr11	82841162	0	7550	0	0	7550
chr11	88806002	0	7539	0	0	7539
chr11	95109864	0	0	12124	0	12124
chr11	99206570	0	0	6151	0	6151
chr11	99568787	0	0	8466	0	8466
chr11	103703043	0	0	10599	0	10599
chr11	115715728	0	11168	0	0	11168
chr11	116870374	2	11486	0	0	11488
chr11	131690353	0	12368	0	0	12368
chr11	132079459	0	11539	0	0	11539
chr12	5493483	0	12408	0	0	12408
chr12	21601728	0	0	0	10675	10675
chr12	25160011	0	6386	0	0	6386
chr12	26645129	0	0	0	11292	11292
chr12	26782362	4893	0	0	0	4893
chr12	52079237	0	0	11846	0	11846
chr12	52595717	0	0	10589	0	10589
chr12	66032460	0	0	10802	0	10802
chr12	71128007	0	9147	0	0	9147
chr12	71328041	0	0	10352	0	10352
chr12	75146865	0	9235	0	0	9235
chr12	79117379	0	10158	0	0	10158
chr12	80593442	0	9380	0	0	9380
chr12	82519695	0	0	8705	0	8705
chr12	95214749	0	7722	0	0	7722
chr12	98291006	0	8936	0	0	8936
chr12	106685795	0	11040	0	0	11040
chr12	109763696	0	0	0	12117	12117
chr12	125618357	0	11342	0	0	11342
chr12	131030749	0	0	12149	0	12149
chr12	132023655	4212	0	0	0	4212
chr13	29381512	0	0	9621	0	9621
chr13	42036116	0	0	8521	0	8521
chr13	42240684	9375	0	0	0	9375
chr13	60142103	0	10954	0	0	10954
chr13	60439471	0	0	0	9725	9725
chr13	77138657	0	9452	0	0	9452
chr13	85373372	0	6592	0	0	6592
chr13	85427587	0	0	0	10209	10209
chr13	97288391	10486	0	0	0	10486
chr13	101324295	0	0	7794	0	7794
chr13	101837563	0	0	9614	0	9614
chr13	101854619	0	0	10120	0	10120
chr13	101932175	0	0	0	10668	10668
chr13	107545694	0	0	11791	0	11791
chr13	107614443	0	9089	0	1	9090
chr13	114254603	0	0	7485	0	7485
chr14	27096948	0	0	0	8935	8935
chr14	29794017	8938	0	0	0	8938
chr14	33560608	0	0	10825	0	10825
chr14	38902618	0	0	11316	0	11316
chr14	41647219	10538	0	0	0	10538
chr14	58866458	0	12134	0	0	12134
chr14	67543343	0	0	10628	0	10628
chr14	71596357	0	10905	0	0	10905
chr14	72043618	0	0	0	10279	10279
chr14	72792911	0	5528	0	0	5528
chr14	75696887	6918	0	0	0	6918
chr14	76153957	0	0	0	10814	10814
chr14	96345093	5183	0	0	0	5183
chr14	99815806	0	0	11464	0	11464
chr14	101772091	0	9111	0	0	9111
chr15	26642237	0	0	9884	0	9884
chr15	27163093	0	0	11380	0	11380
chr15	27350630	0	0	10841	0	10841
chr15	27791772	0	9754	0	0	9754
chr15	31581854	0	11179	0	0	11179
chr15	39607771	0	0	8270	0	8270
chr15	39799601	0	11696	0	0	11696
chr15	44013678	0	8985	0	0	8985
chr15	51102786	0	12412	0	0	12412
chr15	52760851	0	0	10248	0	10248
chr15	65333274	0	10986	0	0	10986
chr15	79042520	0	11857	0	0	11857
chr15	80115575	10492	0	0	0	10492
chr15	92613399	9058	0	0	0	9058
chr15	100716908	0	11949	0	0	11949
chr15	100814131	0	0	10992	0	10992
chr16	149567	0	0	11688	0	11688
chr16	6034615	0	0	0	9907	9907
chr16	6379558	0	0	8701	0	8701
chr16	6438926	0	0	11235	0	11235
chr16	6457927	0	6013	0	0	6013
chr16	6539222	0	0	9438	0	9438
chr16	9910458	5167	0	0	0	5167
chr16	19458933	0	0	11220	0	11220
chr16	20911700	9422	0	0	0	9422
chr16	23413206	0	0	10663	0	10663
chr16	27853798	0	11787	0	0	11787
chr16	52568377	0	0	9583	0	9583
chr16	55329190	0	6435	0	0	6435
chr16	57370498	0	0	8424	0	8424
chr16	58189462	0	11813	0	0	11813
chr16	66398998	11763	0	0	0	11763
chr16	68840239	0	11520	0	0	11520
chr16	73386067	9278	0	0	0	9278
chr16	87938481	0	0	12614	0	12614
chr17	5834703	0	11208	0	0	11208
chr17	5866063	0	0	11450	0	11450
chr17	7673802	0	12175	0	1	12176
chr17	12621615	0	0	0	9176	9176
chr17	28808409	11762	0	0	0	11762
chr17	31301370	0	0	9381	0	9381
chr17	33287817	0	0	12428	0	12428
chr17	41579989	0	11637	0	0	11637
chr17	51067636	0	0	9912	0	9912
chr17	53823345	0	0	11415	0	11415
chr17	60663388	0	12342	0	0	12342
chr17	64544026	11279	0	0	0	11279
chr17	70179283	0	0	8548	0	8548
chr17	78362732	0	10274	0	0	10274
chr18	2067928	0	0	11476	0	11476
chr18	4193999	0	0	0	8044	8044
chr18	7579277	10892	0	0	0	10892
chr18	7731753	0	11024	0	0	11024
chr18	27125186	0	0	7396	0	7396
chr18	27479420	0	0	0	5316	5316
chr18	28792727	0	0	7553	0	7553
chr18	32968807	7281	0	0	0	7281
chr18	35001085	0	8423	0	0	8423
chr18	36458917	0	9700	0	0	9700
chr18	44779472	11839	0	0	0	11839
chr18	48391046	0	12140	0	0	12140
chr18	50593212	0	0	11546	0	11546
chr18	53105846	0	10765	0	0	10765
chr18	53122862	0	11469	0	0	11469
chr18	58968498	0	0	0	11840	11840
chr18	62527782	0	0	9547	0	9547
chr18	67860350	0	0	10769	0	10769
chr18	69764027	0	11647	0	0	11647
chr18	69785965	0	0	9365	0	9365
chr18	74666478	0	0	12256	0	12256
chr18	75019013	0	9318	0	0	9318
chr19	1093607	0	0	9180	0	9180
chr19	3425123	12200	0	0	0	12200
chr19	15666453	0	0	10271	0	10271
chr19	16694405	9462	0	0	0	9462
chr19	29509553	0	0	12787	0	12787
chr19	30323707	12465	0	0	0	12465
chr19	30530988	0	11940	0	0	11940
chr19	32773283	0	11889	0	0	11889
chr19	38932504	11191	0	0	0	11191
chr19	44782374	0	0	11943	0	11943
chr19	50881682	0	0	9628	0	9628
chr19	55915778	0	9577	0	0	9577
chr2	1154701	0	0	10501	0	10501
chr2	1742960	0	0	0	11329	11329
chr2	10406468	0	12018	0	0	12018
chr2	15329122	0	0	0	10834	10834
chr2	25241701	12498	0	0	0	12498
chr2	25251367	0	9453	0	0	9453
chr2	26629585	0	0	12034	0	12034
chr2	37697692	0	9520	0	0	9520
chr2	45322516	0	11566	0	0	11566
chr2	45439862	0	0	0	10141	10141
chr2	54770891	0	0	0	11860	11860
chr2	71567135	0	0	0	12306	12306
chr2	98389058	0	0	12222	0	12222
chr2	102143159	10701	0	0	0	10701
chr2	114707074	0	0	11756	0	11756
chr2	127665413	0	0	0	12026	12026
chr2	132582239	0	0	10766	0	10766
chr2	133060545	0	0	10411	0	10411
chr2	144917388	0	0	0	11393	11393
chr2	145061824	10591	0	0	0	10591
chr2	162615022	0	0	8033	0	8033
chr2	173947911	0	0	0	10961	10961
chr2	235924482	0	0	11864	0	11864
chr2	238869095	12151	0	0	0	12151
chr20	83125	0	0	11491	0	11491
chr20	2689922	0	0	0	12008	12008
chr20	14300230	0	0	10685	0	10685
chr20	15897758	7328	0	0	0	7328
chr20	17433203	0	0	11088	0	11088
chr20	17438999	0	0	0	12352	12352
chr20	31388798	0	11572	0	0	11572
chr20	33644524	0	0	12226	0	12226
chr20	37048246	0	0	0	12390	12390
chr20	42445112	0	11481	0	0	11481
chr20	43031232	0	0	12188	0	12188
chr20	46027033	0	12104	0	0	12104
chr20	46176605	0	10990	0	0	10990
chr20	53088002	0	11885	0	1	11886
chr20	57180459	0	0	9165	0	9165
chr21	15618094	0	0	10567	0	10567
chr21	19343639	0	0	5857	0	5857
chr21	24442239	0	0	0	9941	9941
chr21	25136440	0	0	0	11890	11890
chr21	27426571	0	0	0	8699	8699
chr21	32105632	0	0	10712	0	10712
chr21	32724635	0	0	4567	0	4567
chr21	33343100	0	0	0	11280	11280
chr22	19671429	0	11281	0	0	11281
chr22	23146941	0	12427	0	0	12427
chr22	32446726	11514	0	0	0	11514
chr22	34025088	0	0	11993	0	11993
chr22	34067533	0	0	0	11970	11970
chr22	36632626	0	0	0	10297	10297
chr22	39588782	0	0	11807	0	11807
chr22	39763307	0	0	10685	0	10685
chr22	50177619	0	11863	0	0	11863
chr22	50704303	0	0	11848	0	11848
chr3	10285215	0	12858	0	0	12858
chr3	11791441	0	0	0	11979	11979
chr3	19237681	10651	0	0	0	10651
chr3	21693754	6382	0	0	0	6382
chr3	37310467	0	0	9680	0	9680
chr3	38284916	0	0	12015	0	12015
chr3	44363269	0	0	9571	0	9571
chr3	44952729	0	12452	0	0	12452
chr3	79767152	0	0	11553	0	11553
chr3	107382386	10852	0	0	0	10852
chr3	113155227	0	0	0	8397	8397
chr3	116085338	0	10854	0	0	10854
chr3	116726256	0	11170	0	0	11170
chr3	117543855	0	10055	0	0	10055
chr3	124684464	0	11469	0	0	11469
chr3	140454496	0	11012	0	0	11012
chr3	156415939	0	12052	0	0	12052
chr3	156497298	0	0	11100	0	11100
chr3	177567328	0	0	0	10633	10633
chr3	192811966	0	10712	0	0	10712
chr4	6459102	0	12231	0	0	12231
chr4	20521698	0	11092	0	0	11092
chr4	39368569	0	0	0	11004	11004
chr4	40516043	0	9096	0	0	9096
chr4	41632702	0	12037	0	0	12037
chr4	46041809	0	10611	0	0	10611
chr4	54028492	0	0	0	9735	9735
chr4	61227827	10795	0	0	0	10795
chr4	68105471	0	0	0	10442	10442
chr4	94932782	0	0	8666	0	8666
chr4	105275204	0	11984	0	0	11984
chr4	117369082	0	6783	0	0	6783
chr4	118029843	0	0	0	8319	8319
chr4	136882056	0	0	10736	1	10737
chr4	139722579	10104	0	0	0	10104
chr4	171825435	0	0	0	9665	9665
chr4	173533424	0	0	0	11714	11714
chr4	177840335	0	0	10518	0	10518
chr5	7122445	0	0	11591	0	11591
chr5	7476150	0	0	9230	0	9230
chr5	9516855	0	0	11820	0	11820
chr5	16081001	11884	0	0	0	11884
chr5	16799180	0	0	10941	0	10941
chr5	26395126	5213	0	0	0	5213
chr5	27027008	0	8559	0	0	8559
chr5	35909655	0	0	10423	0	10423
chr5	42858784	0	11231	0	0	11231
chr5	45580010	0	0	10867	0	10867
chr5	60597295	8354	0	0	0	8354
chr5	61368607	0	0	0	10726	10726
chr5	73282578	0	0	12297	0	12297
chr5	80425361	11114	0	0	0	11114
chr5	83179950	0	0	10579	0	10579
chr5	111118182	0	0	0	11441	11441
chr5	114477338	0	0	8802	0	8802
chr5	126355471	0	0	10921	0	10921
chr5	132280512	1	0	12071	0	12072
chr5	137139894	0	11600	0	0	11600
chr5	149136585	0	11238	0	0	11238
chr5	156450715	8069	0	0	0	8069
chr5	162070088	0	0	0	5969	5969
chr5	167685565	0	0	10889	0	10889
chr5	178981641	0	0	11977	0	11977
chr6	39208712	11828	0	0	0	11828
chr6	42424894	0	0	0	11429	11429
chr6	50745106	0	0	11636	0	11636
chr6	54921023	9723	0	0	0	9723
chr6	56164611	0	0	0	8931	8931
chr6	72823822	10365	0	0	0	10365
chr6	97926608	0	9869	0	0	9869
chr6	123214387	7765	0	0	0	7765
chr6	128525222	0	11889	0	0	11889
chr6	128939397	0	0	0	8947	8947
chr6	148505123	0	0	12544	0	12544
chr6	150236254	0	0	11251	0	11251
chr6	151284044	0	0	11926	0	11926
chr6	156879739	10966	0	0	0	10966
chr6	166098026	0	0	0	10936	10936
chr6	169541880	0	0	0	5041	5041
chr7	3324741	0	0	10236	0	10236
chr7	3517174	0	0	10709	0	10709
chr7	3884930	0	11886	0	0	11886
chr7	3989636	0	12295	0	0	12295
chr7	18892701	9502	0	0	0	9502
chr7	21816505	0	11252	0	0	11252
chr7	27108877	0	0	8501	0	8501
chr7	37213242	0	0	11279	0	11279
chr7	42022250	0	11066	0	0	11066
chr7	44239171	0	0	11929	0	11929
chr7	44291059	0	0	0	11909	11909
chr7	55157734	0	11783	0	0	11783
chr7	89114094	0	5569	0	0	5569
chr7	102898017	0	0	8221	0	8221
chr7	114443108	0	0	10425	0	10425
chr7	123612453	0	8674	0	0	8674
chr7	129058902	0	10431	0	0	10431
chr7	134248169	0	0	10967	0	10967
chr7	134802240	0	0	7716	0	7716
chr7	137819873	0	11727	0	0	11727
chr7	148810344	0	0	0	12041	12041
chr7	148811627	0	12266	0	0	12266
chr7	158031014	0	11716	0	0	11716
chr8	3088430	10287	0	0	0	10287
chr8	3172437	0	0	11171	0	11171
chr8	3245358	0	0	12031	0	12031
chr8	3257804	0	0	12006	0	12006
chr8	3721952	0	0	11185	0	11185
chr8	18185701	0	0	0	6877	6877
chr8	25483968	0	0	6046	0	6046
chr8	27305102	0	0	11932	0	11932
chr8	28027962	4254	0	0	0	4254
chr8	35683818	0	0	0	11479	11479
chr8	41850923	0	0	12219	0	12219
chr8	50190656	0	0	0	9671	9671
chr8	65633841	0	0	11207	0	11207
chr8	66708097	0	0	7669	0	7669
chr8	68756692	0	0	4845	0	4845
chr8	85129252	0	0	0	10089	10089
chr8	87069790	10229	0	0	0	10229
chr8	91086921	0	0	9305	0	9305
chr8	100219126	0	0	11053	0	11053
chr8	113312898	0	0	7164	0	7164
chr8	113401478	0	9007	0	0	9007
chr8	119785904	8528	0	0	0	8528
chr8	139698313	0	12087	0	0	12087
chr9	4597502	0	0	9799	0	9799
chr9	9252386	0	0	10365	0	10365
chr9	9555526	10253	0	0	0	10253
chr9	19721212	0	9417	0	0	9417
chr9	21971029	0	9926	0	0	9926
chr9	101640362	1	11082	0	1	11084
chr9	106598206	0	0	0	10371	10371
chr9	109501997	11536	0	0	0	11536
chr9	112266538	0	0	0	9492	9492
chr9	128395001	0	0	12339	0	12339
chr9	134415169	11508	0	0	0	11508
chrX	11637021	0	0	3745	0	3745
chrX	12288772	0	0	10920	0	10920
chrX	15835476	0	0	10060	0	10060
chrX	17845322	0	11710	0	0	11710
chrX	29747945	0	0	9204	0	9204
chrX	32848180	0	0	11260	0	11260
chrX	45849345	0	10326	0	0	10326
chrX	72128810	0	0	12657	0	12657
chrX	104593414	0	0	10104	0	10104
chrX	105678895	0	5848	0	0	5848
chrX	105841353	0	0	10193	0	10193
chrX	108305108	0	11490	0	0	11490
chrX	109378360	0	0	11662	0	11662
chrX	109621230	11853	0	0	0	11853
chrX	132489973	0	8678	0	0	8678
chrX	133881186	0	11052	0	0	11052
chrX	154938339	0	0	9267	0	9267
