#CHR	POS	Count_A	Count_C	Count_G	Count_T	Good_depth
chr1	4551169	0	0	14762	0	14762
chr1	8653318	0	0	0	12861	12861
chr1	20167322	0	0	13417	0	13417
chr1	33876265	14978	0	0	0	14978
chr1	42703955	0	0	18198	0	18198
chr1	44078273	0	13317	0	0	13317
chr1	49227014	0	15788	0	0	15788
chr1	51946640	0	18205	0	0	18205
chr1	57542637	0	16175	0	0	16175
chr1	59993665	12233	0	0	0	12233
chr1	63244456	0	14806	0	0	14806
chr1	75159281	0	18114	0	0	18114
chr1	77123422	1	16918	0	0	16919
chr1	80630555	17100	0	0	0	17100
chr1	85803894	0	15795	0	0	15795
chr1	103052013	0	0	0	17829	17829
chr1	109601275	0	18169	0	0	18169
chr1	115030755	0	21722	0	0	21722
chr1	117113739	0	0	16301	0	16301
chr1	175508637	0	14878	0	0	14878
chr1	184629144	0	0	14908	0	14908
chr1	184975298	1	18673	0	0	18674
chr1	197482223	0	0	17237	0	17237
chr1	200151609	0	0	0	17817	17817
chr1	229465351	0	18444	0	0	18444
chr10	5858380	0	0	0	15190	15190
chr10	14586207	0	16373	0	0	16373
chr10	22211104	0	0	19429	0	19429
chr10	25270158	0	0	0	15840	15840
chr10	27082826	0	0	0	15603	15603
chr10	30041333	16278	0	0	0	16278
chr10	35131703	17291	0	0	0	17291
chr10	62664688	0	0	16259	0	16259
chr10	73148784	16835	0	0	0	16835
chr10	75095801	0	0	11236	0	11236
chr10	75988491	0	0	0	11064	11064
chr10	85902732	0	0	0	16472	16472
chr10	86181339	0	0	11215	0	11215
chr10	92337774	0	0	15811	0	15811
chr10	97004015	0	0	10392	0	10392
chr10	119277944	0	0	18113	0	18113
chr10	122272140	0	0	15012	0	15012
chr10	123494840	0	0	0	11979	11979
chr11	9060299	0	16067	0	0	16067
chr11	12452833	0	11723	0	0	11723
chr11	16448684	0	16195	0	0	16195
chr11	17742288	0	0	9267	0	9267
chr11	28675735	0	0	0	16235	16235
chr11	34495982	0	0	12115	0	12115
chr11	36153821	0	0	15549	0	15549
chr11	61104592	0	12871	0	0	12871
chr11	72657766	0	12745	0	0	12745
chr11	75204789	0	12362	0	0	12362
chr11	79345466	0	0	17162	0	17162
chr11	82358771	12977	0	0	0	12977
chr11	82841162	0	9913	0	0	9913
chr11	88806002	0	13470	0	0	13470
chr11	95109864	0	0	12597	0	12597
chr11	99206570	0	0	15258	0	15258
chr11	99568787	0	0	15809	0	15809
chr11	103703043	0	0	15312	0	15312
chr11	115715728	0	16073	0	0	16073
chr11	116870374	0	13153	0	0	13153
chr11	131690353	0	13209	0	0	13209
chr11	132079459	0	16807	0	0	16807
chr12	5493483	0	14181	0	0	14181
chr12	21601728	0	0	0	18087	18087
chr12	25160011	0	14479	0	0	14479
chr12	26645129	0	0	0	14593	14593
chr12	26782362	10069	0	0	0	10069
chr12	52079237	0	0	11672	0	11672
chr12	52595717	0	0	17930	0	17930
chr12	66032460	0	0	15996	0	15996
chr12	71128007	0	16738	0	0	16738
chr12	71328041	0	0	17261	0	17261
chr12	75146865	0	16119	0	0	16119
chr12	79117379	0	14333	0	0	14333
chr12	80593442	0	18179	0	0	18179
chr12	82519695	0	0	13904	0	13904
chr12	95214749	0	14303	0	0	14303
chr12	98291006	0	17009	0	0	17009
chr12	106685795	0	17990	0	0	17990
chr12	109763696	0	0	0	13942	13942
chr12	125618357	0	13472	0	0	13472
chr12	131030749	0	0	12969	0	12969
chr12	132023655	8972	0	0	0	8972
chr13	29381512	0	0	15520	0	15520
chr13	42036116	0	0	16628	0	16628
chr13	42240684	15774	0	0	0	15774
chr13	60142103	0	17572	0	0	17572
chr13	60439471	0	0	0	18656	18656
chr13	77138657	0	17067	0	0	17067
chr13	85373372	0	13197	0	0	13197
chr13	85427587	0	0	0	17001	17001
chr13	97288391	14849	0	0	0	14849
chr13	101324295	0	0	16093	0	16093
chr13	101837563	0	0	17010	0	17010
chr13	101854619	0	0	17918	0	17918
chr13	101932175	0	0	0	14290	14290
chr13	107545694	0	0	14838	0	14838
chr13	107614443	0	15188	0	0	15188
chr13	114254603	0	0	13475	0	13475
chr14	27096948	0	0	0	15889	15889
chr14	29794017	16424	0	0	0	16424
chr14	33560608	0	0	15305	0	15305
chr14	38902618	0	0	17303	0	17303
chr14	41647219	16109	0	0	0	16109
chr14	58866458	0	16944	0	0	16944
chr14	67543343	0	0	15131	0	15131
chr14	71596357	0	18263	0	0	18263
chr14	72043618	0	0	0	15706	15706
chr14	72792911	0	9984	0	0	9984
chr14	75696887	13285	0	0	0	13285
chr14	76153957	0	0	0	17868	17868
chr14	96345093	11718	0	0	0	11718
chr14	99815806	0	0	15832	0	15832
chr14	101772091	0	14661	0	0	14661
chr15	26642237	0	0	12030	0	12030
chr15	27163093	0	0	12341	0	12341
chr15	27350630	0	0	11209	0	11209
chr15	27791772	0	14683	0	0	14683
chr15	31581854	0	14397	0	0	14397
chr15	39607771	0	0	15588	0	15588
chr15	39799601	0	15564	0	0	15564
chr15	44013678	1	15124	0	0	15125
chr15	51102786	0	18638	0	0	18638
chr15	52760851	0	0	13279	0	13279
chr15	65333274	0	9701	0	0	9701
chr15	79042520	0	12517	0	0	12517
chr15	80115575	18492	0	0	0	18492
chr15	92613399	15003	0	0	0	15003
chr15	100716908	0	14568	0	0	14568
chr15	100814131	0	0	16062	0	16062
chr16	149567	0	0	14361	0	14361
chr16	6034615	0	0	0	13205	13205
chr16	6379558	0	0	11187	0	11187
chr16	6438926	0	0	15992	0	15992
chr16	6457927	0	11421	0	0	11421
chr16	6539222	0	0	16050	0	16050
chr16	9910458	8448	0	0	0	8448
chr16	19458933	0	0	12811	0	12811
chr16	20911700	15012	0	0	0	15012
chr16	23413206	0	0	14595	0	14595
chr16	27853798	0	12453	0	0	12453
chr16	52568377	0	0	14958	0	14958
chr16	55329190	0	7574	0	0	7574
chr16	57370498	0	0	9873	0	9873
chr16	58189462	0	15045	0	0	15045
chr16	66398998	14064	0	0	0	14064
chr16	68840239	0	14625	0	0	14625
chr16	73386067	13543	0	0	0	13543
chr16	87938481	0	0	8582	0	8582
chr17	5834703	0	16501	0	0	16501
chr17	5866063	0	0	15680	0	15680
chr17	7673802	0	12961	0	0	12961
chr17	12621615	0	0	0	16618	16618
chr17	28808409	18426	0	0	0	18426
chr17	31301370	0	0	18126	0	18126
chr17	33287817	0	0	12417	0	12417
chr17	41579989	0	11133	0	0	11133
chr17	51067636	0	0	17693	0	17693
chr17	53823345	0	0	11558	0	11558
chr17	60663388	0	16399	0	0	16399
chr17	64544026	18452	0	0	0	18452
chr17	70179283	0	0	14961	0	14961
chr17	78362732	0	16486	0	0	16486
chr18	2067928	0	0	15516	0	15516
chr18	4193999	0	0	0	14014	14014
chr18	7579277	16771	0	0	0	16771
chr18	7731753	0	16905	0	0	16905
chr18	27125186	0	0	14415	0	14415
chr18	27479420	0	0	0	9742	9742
chr18	28792727	0	0	13286	0	13286
chr18	32968807	14805	0	0	0	14805
chr18	35001085	0	14424	0	0	14424
chr18	36458917	0	12670	0	0	12670
chr18	44779472	15786	0	0	0	15786
chr18	48391046	0	13908	0	0	13908
chr18	50593212	0	0	16332	0	16332
chr18	53105846	0	15980	0	0	15980
chr18	53122862	0	18915	0	0	18915
chr18	58968498	0	0	0	13380	13380
chr18	62527782	0	0	17365	0	17365
chr18	67860350	0	0	16744	0	16744
chr18	69764027	0	17042	0	0	17042
chr18	69785965	0	0	16281	0	16281
chr18	74666478	0	0	15694	0	15694
chr18	75019013	0	16980	0	0	16980
chr19	1093607	0	0	9289	0	9289
chr19	3425123	10714	0	0	0	10714
chr19	15666453	0	0	13067	0	13067
chr19	16694405	14073	0	0	0	14073
chr19	29509553	0	0	18091	0	18091
chr19	30323707	16704	0	0	0	16704
chr19	30530988	0	12771	0	0	12771
chr19	32773283	0	16250	0	0	16250
chr19	38932504	10502	0	0	0	10502
chr19	44782374	0	0	11021	0	11021
chr19	50881682	0	0	17243	0	17243
chr19	55915778	0	12825	0	0	12825
chr2	1154701	0	0	16968	0	16968
chr2	1742960	0	0	0	10360	10360
chr2	10406468	0	13335	0	0	13335
chr2	15329122	0	0	0	16185	16185
chr2	25241701	12966	0	0	0	12966
chr2	25251367	0	8400	0	0	8400
chr2	26629585	0	0	12573	0	12573
chr2	37697692	0	14466	0	0	14466
chr2	45322516	0	15435	0	0	15435
chr2	45439862	0	0	0	16526	16526
chr2	54770891	0	0	0	13944	13944
chr2	71567135	0	0	0	13916	13916
chr2	98389058	0	0	14290	0	14290
chr2	102143159	10351	0	0	0	10351
chr2	114707074	0	0	17323	0	17323
chr2	127665413	0	0	0	13870	13870
chr2	132582239	0	0	15267	0	15267
chr2	133060545	0	0	17154	0	17154
chr2	144917388	0	0	0	17297	17297
chr2	145061824	18508	0	0	0	18508
chr2	162615022	0	0	16473	0	16473
chr2	173947911	0	0	0	19098	19098
chr2	235924482	0	0	13165	0	13165
chr2	238869095	14826	0	0	0	14826
chr20	83125	0	0	16153	0	16153
chr20	2689922	0	0	0	13893	13893
chr20	14300230	0	0	18177	0	18177
chr20	15897758	12776	0	0	0	12776
chr20	17433203	0	0	17221	0	17221
chr20	17438999	0	0	0	13945	13945
chr20	31388798	0	14766	0	0	14766
chr20	33644524	0	0	11984	1	11985
chr20	37048246	0	0	0	18182	18182
chr20	42445112	0	16184	0	0	16184
chr20	43031232	0	0	13950	0	13950
chr20	46027033	0	16524	0	0	16524
chr20	46176605	0	12644	0	0	12644
chr20	53088002	0	15577	0	0	15577
chr20	57180459	0	0	7316	0	7316
chr21	15618094	0	0	17130	0	17130
chr21	19343639	0	0	12036	0	12036
chr21	24442239	0	0	0	19541	19541
chr21	25136440	0	0	0	12518	12518
chr21	27426571	0	0	0	16060	16060
chr21	32105632	0	0	15135	0	15135
chr21	32724635	0	0	10648	0	10648
chr21	33343100	0	0	0	15820	15820
chr22	19671429	0	15311	0	0	15311
chr22	23146941	0	16209	0	0	16209
chr22	32446726	18477	0	0	0	18477
chr22	34025088	0	0	16842	0	16842
chr22	34067533	0	0	0	14594	14594
chr22	36632626	0	0	0	14100	14100
chr22	39588782	0	0	13284	0	13284
chr22	39763307	0	0	15593	0	15593
chr22	50177619	0	13172	0	0	13172
chr22	50704303	0	0	10500	0	10500
chr3	10285215	0	17448	0	0	17448
chr3	11791441	0	0	0	15906	15906
chr3	19237681	17880	0	0	0	17880
chr3	21693754	10872	0	0	0	10872
chr3	37310467	0	0	17601	0	17601
chr3	38284916	0	0	15955	0	15955
chr3	44363269	0	0	17572	0	17572
chr3	44952729	0	14138	0	0	14138
chr3	79767152	0	0	11714	0	11714
chr3	107382386	19375	0	0	0	19375
chr3	113155227	0	0	0	15392	15392
chr3	116085338	0	16457	0	0	16457
chr3	116726256	0	17677	0	0	17677
chr3	117543855	0	18824	0	0	18824
chr3	124684464	0	14030	0	0	14030
chr3	140454496	0	15487	0	0	15487
chr3	156415939	0	14924	0	0	14924
chr3	156497298	0	0	18173	0	18173
chr3	177567328	0	0	0	17247	17247
chr3	192811966	0	16527	0	0	16527
chr4	6459102	0	14951	0	0	14951
chr4	20521698	0	16501	0	0	16501
chr4	39368569	0	0	0	16767	16767
chr4	40516043	0	13575	0	0	13575
chr4	41632702	0	14501	0	0	14501
chr4	46041809	0	19459	0	0	19459
chr4	54028492	0	0	0	18083	18083
chr4	61227827	18094	0	0	0	18094
chr4	68105471	0	0	0	16892	16892
chr4	94932782	0	0	16224	0	16224
chr4	105275204	0	15157	0	0	15157
chr4	117369082	0	13128	0	0	13128
chr4	118029843	0	0	0	15989	15989
chr4	136882056	0	0	17449	0	17449
chr4	139722579	18567	0	0	0	18567
chr4	171825435	0	0	0	17014	17014
chr4	173533424	0	0	0	15839	15839
chr4	177840335	0	0	16576	0	16576
chr5	7122445	0	0	15548	0	15548
chr5	7476150	0	0	13692	0	13692
chr5	9516855	0	0	16107	0	16107
chr5	16081001	14212	0	0	0	14212
chr5	16799180	0	0	15964	0	15964
chr5	26395126	11153	0	0	0	11153
chr5	27027008	0	17127	0	0	17127
chr5	35909655	0	0	19707	0	19707
chr5	42858784	0	15179	0	0	15179
chr5	45580010	0	0	16936	0	16936
chr5	60597295	17051	0	0	0	17051
chr5	61368607	0	0	0	17973	17973
chr5	73282578	0	0	16401	0	16401
chr5	80425361	19478	0	0	0	19478
chr5	83179950	0	0	17232	0	17232
chr5	111118182	0	0	0	20961	20961
chr5	114477338	0	0	16956	0	16956
chr5	126355471	0	0	16067	0	16067
chr5	132280512	0	0	13203	0	13203
chr5	137139894	0	13278	0	0	13278
chr5	149136585	0	14466	0	0	14466
chr5	156450715	15804	0	0	0	15804
chr5	162070088	0	0	0	11832	11832
chr5	167685565	0	0	16621	0	16621
chr5	178981641	0	0	10711	0	10711
chr6	39208712	13303	0	0	0	13303
chr6	42424894	0	0	0	18302	18302
chr6	50745106	0	0	13742	0	13742
chr6	54921023	17620	0	0	0	17620
chr6	56164611	0	0	0	17014	17014
chr6	72823822	18431	0	0	0	18431
chr6	97926608	0	15569	0	0	15569
chr6	123214387	14245	0	0	0	14245
chr6	128525222	0	16549	0	0	16549
chr6	128939397	0	0	0	15436	15436
chr6	148505123	0	0	15316	0	15316
chr6	150236254	0	0	14975	0	14975
chr6	151284044	0	0	14582	0	14582
chr6	156879739	17708	0	0	0	17708
chr6	166098026	0	0	0	11987	11987
chr6	169541880	0	0	0	10331	10331
chr7	3324741	0	0	16593	0	16593
chr7	3517174	0	0	18555	0	18555
chr7	3884930	1	13177	0	0	13178
chr7	3989636	0	13171	0	0	13171
chr7	18892701	15656	0	0	1	15657
chr7	21816505	0	15430	0	0	15430
chr7	27108877	0	0	9621	0	9621
chr7	37213242	0	0	15717	0	15717
chr7	42022250	0	17671	0	0	17671
chr7	44239171	0	0	9211	0	9211
chr7	44291059	0	0	0	14747	14747
chr7	55157734	0	13991	0	0	13991
chr7	89114094	0	11129	0	0	11129
chr7	102898017	0	0	16417	0	16417
chr7	114443108	0	0	18489	0	18489
chr7	123612453	0	14790	0	0	14790
chr7	129058902	0	18528	0	0	18528
chr7	134248169	0	0	15148	0	15148
chr7	134802240	0	0	15392	0	15392
chr7	137819873	0	15991	0	0	15991
chr7	148810344	0	0	0	14265	14265
chr7	148811627	0	16669	0	0	16669
chr7	158031014	0	14519	0	0	14519
chr8	3088430	16012	0	0	0	16012
chr8	3172437	0	0	14259	0	14259
chr8	3245358	0	0	15377	0	15377
chr8	3257804	0	0	12832	0	12832
chr8	3721952	0	0	13992	0	13992
chr8	18185701	0	0	0	12601	12601
chr8	25483968	0	0	11298	0	11298
chr8	27305102	0	0	15378	0	15378
chr8	28027962	8742	0	0	0	8742
chr8	35683818	0	0	0	16207	16207
chr8	41850923	0	0	14291	0	14291
chr8	50190656	0	0	0	15733	15733
chr8	65633841	0	0	15822	0	15822
chr8	66708097	0	0	14017	0	14017
chr8	68756692	0	0	9046	0	9046
chr8	85129252	0	0	0	17647	17647
chr8	87069790	17707	0	0	0	17707
chr8	91086921	0	0	17829	0	17829
chr8	100219126	0	0	18928	0	18928
chr8	113312898	0	0	13287	0	13287
chr8	113401478	0	17874	0	0	17874
chr8	119785904	16041	0	0	0	16041
chr8	139698313	0	11822	0	0	11822
chr9	4597502	0	0	14555	0	14555
chr9	9252386	0	0	15839	0	15839
chr9	9555526	19321	0	0	0	19321
chr9	19721212	0	16187	0	0	16187
chr9	21971029	0	8445	0	0	8445
chr9	101640362	0	17321	0	0	17321
chr9	106598206	0	0	0	16546	16546
chr9	109501997	14907	0	0	0	14907
chr9	112266538	0	0	0	19503	19503
chr9	128395001	0	0	13496	0	13496
chr9	134415169	8980	0	0	0	8980
chrX	11637021	0	0	6503	0	6503
chrX	12288772	0	0	9185	0	9185
chrX	15835476	0	0	10491	0	10491
chrX	17845322	0	8813	0	0	8813
chrX	29747945	0	0	7779	0	7779
chrX	32848180	0	0	8530	0	8530
chrX	45849345	0	12180	0	0	12180
chrX	72128810	0	0	7888	0	7888
chrX	104593414	0	0	8705	0	8705
chrX	105678895	0	6287	0	0	6287
chrX	105841353	0	0	8553	0	8553
chrX	108305108	0	7993	0	0	7993
chrX	109378360	0	0	8502	0	8502
chrX	109621230	9530	0	0	0	9530
chrX	132489973	0	4859	0	0	4859
chrX	133881186	0	8425	0	0	8425
chrX	154938339	0	0	8751	0	8751
