#CHR	POS	Count_A	Count_C	Count_G	Count_T	Good_depth
chr1	4551169	0	0	1399	0	1399
chr1	8653318	0	0	0	632	632
chr1	20167322	0	0	3778	0	3778
chr1	33876265	2643	0	0	0	2643
chr1	42703955	0	0	2345	0	2345
chr1	44078273	0	1809	0	0	1809
chr1	49227014	0	2552	0	0	2552
chr1	51946640	0	3377	0	0	3377
chr1	57542637	0	1796	0	0	1796
chr1	59993665	976	0	0	0	976
chr1	63244456	0	1064	0	0	1064
chr1	75159281	0	993	0	0	993
chr1	77123422	0	119	0	0	119
chr1	80630555	1101	0	0	0	1101
chr1	85803894	0	751	0	0	751
chr1	103052013	0	0	0	1174	1174
chr1	109601275	0	1041	0	0	1041
chr1	115030755	0	2067	0	0	2067
chr1	117113739	0	0	2723	0	2723
chr1	175508637	0	5175	0	0	5175
chr1	184629144	0	0	1943	0	1943
chr1	184975298	0	2373	0	0	2373
chr1	197482223	0	0	396	0	396
chr1	200151609	0	0	0	346	346
chr1	229465351	0	913	0	0	913
chr10	5858380	0	0	0	2680	2680
chr10	14586207	0	2974	0	0	2974
chr10	22211104	0	0	1006	0	1006
chr10	25270158	0	0	0	815	815
chr10	27082826	0	0	0	74	74
chr10	30041333	2041	0	0	0	2041
chr10	35131703	454	0	0	0	454
chr10	62664688	0	0	3449	0	3449
chr10	73148784	252	0	0	0	252
chr10	75095801	0	0	7916	0	7916
chr10	75988491	0	0	0	1655	1655
chr10	85902732	0	0	0	2180	2180
chr10	86181339	0	0	6337	0	6337
chr10	92337774	0	0	2843	0	2843
chr10	97004015	0	0	6219	0	6219
chr10	119277944	0	0	2119	0	2119
chr10	122272140	0	0	2782	0	2782
chr10	123494840	0	0	0	2645	2645
chr11	9060299	0	3276	0	0	3276
chr11	12452833	0	4407	0	0	4407
chr11	16448684	0	760	0	0	760
chr11	17742288	0	0	4584	0	4584
chr11	28675735	0	0	0	1020	1020
chr11	34495982	0	0	6106	0	6106
chr11	36153821	0	0	1577	0	1577
chr11	61104592	0	6606	0	0	6606
chr11	72657766	0	7120	0	0	7120
chr11	75204789	0	5586	0	0	5586
chr11	79345466	0	0	1046	0	1046
chr11	82358771	155	0	0	0	155
chr11	82841162	0	2153	0	0	2153
chr11	88806002	0	549	0	0	549
chr11	95109864	0	0	7006	0	7006
chr11	99206570	0	0	716	0	716
chr11	99568787	0	0	357	0	357
chr11	103703043	0	0	1162	0	1162
chr11	115715728	0	2056	0	0	2056
chr11	116870374	0	5550	0	0	5550
chr11	131690353	0	6116	0	0	6116
chr11	132079459	0	1471	0	0	1471
chr12	5493483	0	5830	0	0	5830
chr12	21601728	0	0	0	1653	1653
chr12	25160011	0	117	0	0	117
chr12	26645129	0	0	0	2388	2388
chr12	26782362	61	0	0	0	61
chr12	52079237	0	0	6565	0	6565
chr12	52595717	0	0	1140	0	1140
chr12	66032460	0	0	1474	0	1474
chr12	71128007	0	713	0	0	713
chr12	71328041	0	0	622	0	622
chr12	75146865	0	619	0	0	619
chr12	79117379	0	2618	0	0	2618
chr12	80593442	0	897	0	0	897
chr12	82519695	0	0	453	0	453
chr12	95214749	0	1793	0	0	1793
chr12	98291006	0	471	0	0	471
chr12	106685795	0	1014	0	0	1014
chr12	109763696	0	0	0	2360	2360
chr12	125618357	0	4519	0	0	4519
chr12	131030749	0	0	7462	0	7462
chr12	132023655	146	0	0	0	146
chr13	29381512	0	0	1098	0	1098
chr13	42036116	0	0	618	0	618
chr13	42240684	159	0	0	0	159
chr13	60142103	0	1551	0	0	1551
chr13	60439471	0	0	0	563	563
chr13	77138657	0	738	0	0	738
chr13	85373372	0	504	0	0	504
chr13	85427587	0	0	0	1256	1256
chr13	97288391	1557	0	0	0	1557
chr13	101324295	0	0	290	0	290
chr13	101837563	0	0	107	0	107
chr13	101854619	0	0	1137	0	1137
chr13	101932175	0	0	0	1358	1358
chr13	107545694	0	0	5334	0	5334
chr13	107614443	0	982	0	0	982
chr13	114254603	0	0	219	0	219
chr14	27096948	0	0	0	583	583
chr14	29794017	1052	0	0	0	1052
chr14	33560608	0	0	1944	0	1944
chr14	38902618	0	0	2708	0	2708
chr14	41647219	972	0	0	0	972
chr14	58866458	0	3410	0	0	3410
chr14	67543343	0	0	1844	0	1844
chr14	71596357	0	3087	0	0	3087
chr14	72043618	0	0	0	627	627
chr14	72792911	0	146	0	0	146
chr14	75696887	400	0	0	0	400
chr14	76153957	0	0	0	848	848
chr14	96345093	70	0	0	0	70
chr14	99815806	0	0	2240	0	2240
chr14	101772091	0	1024	0	0	1024
chr15	26642237	0	0	1890	0	1890
chr15	27163093	0	0	5792	0	5792
chr15	27350630	0	0	6339	0	6339
chr15	27791772	0	1359	0	0	1359
chr15	31581854	0	1644	0	0	1644
chr15	39607771	0	0	384	0	384
chr15	39799601	0	4597	0	0	4597
chr15	44013678	0	1113	0	0	1113
chr15	51102786	0	3066	0	0	3066
chr15	52760851	0	0	3968	0	3968
chr15	65333274	0	7159	0	0	7159
chr15	79042520	0	6001	0	0	6001
chr15	80115575	1613	0	0	0	1613
chr15	92613399	932	0	0	0	932
chr15	100716908	0	6552	0	0	6552
chr15	100814131	0	0	1461	0	1461
chr16	149567	0	0	1017	0	1017
chr16	6034615	0	0	0	1852	1852
chr16	6379558	0	0	1818	0	1818
chr16	6438926	0	0	2083	0	2083
chr16	6457927	0	1003	0	0	1003
chr16	6539222	0	0	1023	0	1023
chr16	9910458	348	0	0	0	348
chr16	19458933	0	0	5405	0	5405
chr16	20911700	153	0	0	0	153
chr16	23413206	0	0	220	0	220
chr16	27853798	0	6237	0	0	6237
chr16	52568377	0	0	1045	0	1045
chr16	55329190	0	4739	0	0	4739
chr16	57370498	0	0	2716	0	2716
chr16	58189462	0	2529	0	0	2529
chr16	66398998	4690	0	0	0	4690
chr16	68840239	0	4145	0	0	4145
chr16	73386067	1478	0	0	0	1478
chr16	87938481	0	0	4793	0	4793
chr17	5834703	0	2563	0	0	2563
chr17	5866063	0	0	3600	0	3600
chr17	7673802	0	6298	0	0	6298
chr17	12621615	0	0	0	2485	2485
chr17	28808409	1770	0	0	0	1770
chr17	31301370	0	0	273	0	273
chr17	33287817	0	0	4006	0	4006
chr17	41579989	0	7359	0	0	7359
chr17	51067636	0	0	667	0	667
chr17	53823345	0	0	6339	0	6339
chr17	60663388	0	3348	0	0	3348
chr17	64544026	1226	0	0	0	1226
chr17	70179283	0	0	1080	0	1080
chr17	78362732	0	1366	0	0	1366
chr18	2067928	0	0	1531	0	1531
chr18	4193999	0	0	0	148	148
chr18	7579277	1517	0	0	0	1517
chr18	7731753	0	1387	0	0	1387
chr18	27125186	0	0	215	0	215
chr18	27479420	0	0	0	304	304
chr18	28792727	0	0	1256	0	1256
chr18	32968807	129	0	0	0	129
chr18	35001085	0	1027	0	0	1027
chr18	36458917	0	1766	0	0	1766
chr18	44779472	1413	0	0	0	1413
chr18	48391046	0	2460	0	0	2460
chr18	50593212	0	0	1639	0	1639
chr18	53105846	0	2353	0	0	2353
chr18	53122862	0	1917	0	0	1917
chr18	58968498	0	0	0	4296	4296
chr18	62527782	0	0	472	0	472
chr18	67860350	0	0	1576	0	1576
chr18	69764027	0	2471	0	0	2471
chr18	69785965	0	0	1051	0	1051
chr18	74666478	0	0	4534	0	4534
chr18	75019013	0	730	0	0	730
chr19	1093607	0	0	5486	0	5486
chr19	3425123	7003	0	0	0	7003
chr19	15666453	0	0	3438	0	3438
chr19	16694405	1510	0	0	0	1510
chr19	29509553	0	0	5161	0	5161
chr19	30323707	5399	0	0	0	5399
chr19	30530988	0	6813	0	0	6813
chr19	32773283	0	2476	0	0	2476
chr19	38932504	6935	0	0	0	6935
chr19	44782374	0	0	6475	0	6475
chr19	50881682	0	0	727	0	727
chr19	55915778	0	4737	0	0	4737
chr2	1154701	0	0	1281	0	1281
chr2	1742960	0	0	0	1987	1987
chr2	10406468	0	6149	0	0	6149
chr2	15329122	0	0	0	917	917
chr2	25241701	8719	0	0	0	8719
chr2	25251367	0	6706	0	0	6706
chr2	26629585	0	0	6509	0	6509
chr2	37697692	0	496	0	0	496
chr2	45322516	0	4246	0	0	4246
chr2	45439862	0	0	0	1193	1193
chr2	54770891	0	0	0	3148	3148
chr2	71567135	0	0	0	1459	1459
chr2	98389058	0	0	4157	0	4157
chr2	102143159	5851	0	0	0	5851
chr2	114707074	0	0	3849	0	3849
chr2	127665413	0	0	0	6141	6141
chr2	132582239	0	0	4345	0	4345
chr2	133060545	0	0	1390	0	1390
chr2	144917388	0	0	0	1477	1477
chr2	145061824	1130	0	0	0	1130
chr2	162615022	0	0	885	0	885
chr2	173947911	0	0	0	2118	2118
chr2	235924482	0	0	5753	0	5753
chr2	238869095	7118	0	0	0	7118
chr20	83125	0	0	2249	0	2249
chr20	2689922	0	0	0	2728	2728
chr20	14300230	0	0	1052	0	1052
chr20	15897758	91	0	0	0	91
chr20	17433203	0	0	1351	0	1351
chr20	17438999	0	0	0	4921	4921
chr20	31388798	0	3560	0	0	3560
chr20	33644524	0	0	8300	0	8300
chr20	37048246	0	0	0	3397	3397
chr20	42445112	0	2515	0	0	2515
chr20	43031232	0	0	5413	0	5413
chr20	46027033	0	2585	0	0	2585
chr20	46176605	0	5904	0	0	5904
chr20	53088002	0	2025	0	0	2025
chr20	57180459	0	0	5139	0	5139
chr21	15618094	0	0	1186	0	1186
chr21	19343639	0	0	41	0	41
chr21	24442239	0	0	0	529	529
chr21	25136440	0	0	0	2850	2850
chr21	27426571	0	0	0	294	294
chr21	32105632	0	0	1489	0	1489
chr21	32724635	0	0	267	0	267
chr21	33343100	0	0	0	2521	2521
chr22	19671429	0	1301	0	0	1301
chr22	23146941	0	3379	0	0	3379
chr22	32446726	2728	0	0	0	2728
chr22	34025088	0	0	3974	0	3974
chr22	34067533	0	0	0	2919	2919
chr22	36632626	0	0	0	3051	3051
chr22	39588782	0	0	5161	0	5161
chr22	39763307	0	0	1752	0	1752
chr22	50177619	0	8445	0	0	8445
chr22	50704303	0	0	7731	0	7731
chr3	10285215	0	3117	0	0	3117
chr3	11791441	0	0	0	2502	2502
chr3	19237681	1479	0	0	0	1479
chr3	21693754	80	0	0	0	80
chr3	37310467	0	0	1183	0	1183
chr3	38284916	0	0	2729	0	2729
chr3	44363269	0	0	487	0	487
chr3	44952729	0	5576	0	0	5576
chr3	79767152	0	0	4078	0	4078
chr3	107382386	1235	0	0	0	1235
chr3	113155227	0	0	0	443	443
chr3	116085338	0	1475	0	0	1475
chr3	116726256	0	1748	0	0	1748
chr3	117543855	0	1075	0	0	1075
chr3	124684464	0	1547	0	0	1547
chr3	140454496	0	1527	0	0	1527
chr3	156415939	0	3822	0	0	3822
chr3	156497298	0	0	1953	0	1953
chr3	177567328	0	0	0	1060	1060
chr3	192811966	0	490	0	0	490
chr4	6459102	0	2325	0	0	2325
chr4	20521698	0	2242	0	0	2242
chr4	39368569	0	0	0	2518	2518
chr4	40516043	0	4676	0	0	4676
chr4	41632702	0	3336	0	0	3336
chr4	46041809	0	1939	0	0	1939
chr4	54028492	0	0	0	540	540
chr4	61227827	1285	0	0	0	1285
chr4	68105471	0	0	0	889	889
chr4	94932782	0	0	1192	0	1192
chr4	105275204	0	5277	0	0	5277
chr4	117369082	0	113	0	0	113
chr4	118029843	0	0	0	55	55
chr4	136882056	0	0	1527	0	1527
chr4	139722579	204	0	0	0	204
chr4	171825435	0	0	0	1347	1347
chr4	173533424	0	0	0	4728	4728
chr4	177840335	0	0	858	0	858
chr5	7122445	0	0	2490	0	2490
chr5	7476150	0	0	886	0	886
chr5	9516855	0	0	4149	0	4149
chr5	16081001	1624	0	0	0	1624
chr5	16799180	0	0	1914	0	1914
chr5	26395126	22	0	0	0	22
chr5	27027008	0	507	0	0	507
chr5	35909655	0	0	1209	0	1209
chr5	42858784	0	2443	0	0	2443
chr5	45580010	0	0	1273	0	1273
chr5	60597295	350	0	0	0	350
chr5	61368607	0	0	0	777	777
chr5	73282578	0	0	5859	0	5859
chr5	80425361	1034	0	0	0	1034
chr5	83179950	0	0	559	0	559
chr5	111118182	0	0	0	2367	2367
chr5	114477338	0	0	276	0	276
chr5	126355471	0	0	1468	0	1468
chr5	132280512	0	0	7241	0	7241
chr5	137139894	0	2363	0	0	2363
chr5	149136585	0	2021	0	0	2021
chr5	156450715	528	0	0	0	528
chr5	162070088	0	0	0	274	274
chr5	167685565	0	0	1267	0	1267
chr5	178981641	0	0	7760	0	7760
chr6	39208712	5538	0	0	0	5538
chr6	42424894	0	0	0	2149	2149
chr6	50745106	0	0	2381	0	2381
chr6	54921023	436	0	0	0	436
chr6	56164611	0	0	0	318	318
chr6	72823822	1071	0	0	0	1071
chr6	97926608	0	728	0	0	728
chr6	123214387	427	0	0	0	427
chr6	128525222	0	2927	0	0	2927
chr6	128939397	0	0	0	317	317
chr6	148505123	0	0	2135	0	2135
chr6	150236254	0	0	2458	0	2458
chr6	151284044	0	0	2939	0	2939
chr6	156879739	986	0	0	0	986
chr6	166098026	0	0	0	3266	3266
chr6	169541880	0	0	0	120	120
chr7	3324741	0	0	119	0	119
chr7	3517174	0	0	1105	0	1105
chr7	3884930	0	5831	0	0	5831
chr7	3989636	0	7127	0	0	7127
chr7	18892701	620	0	0	0	620
chr7	21816505	0	2885	0	0	2885
chr7	27108877	0	0	2116	0	2116
chr7	37213242	0	0	982	0	982
chr7	42022250	0	2093	0	0	2093
chr7	44239171	0	0	6325	0	6325
chr7	44291059	0	0	0	3911	3911
chr7	55157734	0	2318	0	0	2318
chr7	89114094	0	20	0	0	20
chr7	102898017	0	0	904	0	904
chr7	114443108	0	0	1590	0	1590
chr7	123612453	0	552	0	0	552
chr7	129058902	0	699	0	0	699
chr7	134248169	0	0	4906	0	4906
chr7	134802240	0	0	656	0	656
chr7	137819873	0	3256	0	0	3256
chr7	148810344	0	0	0	4451	4451
chr7	148811627	0	2228	0	0	2228
chr7	158031014	0	1845	0	0	1845
chr8	3088430	1113	0	0	0	1113
chr8	3172437	0	0	1691	0	1691
chr8	3245358	0	0	2114	0	2114
chr8	3257804	0	0	5816	0	5816
chr8	3721952	0	0	6320	0	6320
chr8	18185701	0	0	0	54	54
chr8	25483968	0	0	305	0	305
chr8	27305102	0	0	2496	0	2496
chr8	28027962	58	0	0	0	58
chr8	35683818	0	0	0	2471	2471
chr8	41850923	0	0	4710	0	4710
chr8	50190656	0	0	0	635	635
chr8	65633841	0	0	4380	0	4380
chr8	66708097	0	0	413	0	413
chr8	68756692	0	0	43	0	43
chr8	85129252	0	0	0	244	244
chr8	87069790	346	0	0	0	346
chr8	91086921	0	0	365	0	365
chr8	100219126	0	0	2046	0	2046
chr8	113312898	0	0	62	0	62
chr8	113401478	0	504	0	0	504
chr8	119785904	315	0	0	0	315
chr8	139698313	0	6545	0	0	6545
chr9	4597502	0	0	1134	0	1134
chr9	9252386	0	0	1086	0	1086
chr9	9555526	1406	0	0	0	1406
chr9	19721212	0	572	0	0	572
chr9	21971029	0	7187	0	0	7187
chr9	101640362	0	1281	0	0	1281
chr9	106598206	0	0	0	757	757
chr9	109501997	1108	0	0	0	1108
chr9	112266538	0	0	0	1157	1157
chr9	128395001	0	0	5359	0	5359
chr9	134415169	7074	0	0	0	7074
chrX	11637021	0	0	91	0	91
chrX	12288772	0	0	870	0	870
chrX	15835476	0	0	925	0	925
chrX	17845322	0	2105	0	0	2105
chrX	29747945	0	0	962	0	962
chrX	32848180	0	0	2734	0	2734
chrX	45849345	0	946	0	0	946
chrX	72128810	0	0	5653	0	5653
chrX	104593414	0	0	539	0	539
chrX	105678895	0	93	0	0	93
chrX	105841353	0	0	782	0	782
chrX	108305108	0	2425	0	0	2425
chrX	109378360	0	0	1621	0	1621
chrX	109621230	1327	0	0	0	1327
chrX	132489973	0	5579	0	0	5579
chrX	133881186	0	2960	0	0	2960
chrX	154938339	0	0	996	0	996
