#CHR	POS	Count_A	Count_C	Count_G	Count_T	Good_depth
chr1	4551169	0	0	19803	0	19803
chr1	8653318	0	0	0	15242	15242
chr1	20167322	0	0	18495	0	18495
chr1	33876265	20767	0	0	0	20767
chr1	42703955	0	0	22491	0	22491
chr1	44078273	0	18170	0	0	18170
chr1	49227014	0	20812	0	0	20812
chr1	51946640	0	23316	0	0	23316
chr1	57542637	0	21603	0	0	21603
chr1	59993665	14954	0	0	0	14954
chr1	63244456	0	18323	0	0	18323
chr1	75159281	0	23572	0	1	23573
chr1	77123422	0	20251	0	0	20251
chr1	80630555	20922	0	0	0	20922
chr1	85803894	0	18995	0	0	18995
chr1	103052013	0	0	0	21730	21730
chr1	109601275	0	22226	1	0	22227
chr1	115030755	0	25860	0	0	25860
chr1	117113739	0	0	21869	0	21869
chr1	175508637	0	19694	0	0	19694
chr1	184629144	0	0	19175	0	19175
chr1	184975298	0	22182	0	0	22182
chr1	197482223	0	0	20937	0	20937
chr1	200151609	0	0	0	21179	21179
chr1	229465351	0	22630	0	0	22630
chr10	5858380	0	0	0	19457	19457
chr10	14586207	0	20073	0	0	20073
chr10	22211104	0	0	23455	0	23455
chr10	25270158	0	0	0	20439	20439
chr10	27082826	0	0	0	18695	18695
chr10	30041333	21817	0	0	0	21817
chr10	35131703	19240	0	0	0	19240
chr10	62664688	0	0	20209	0	20209
chr10	73148784	20235	0	0	0	20235
chr10	75095801	0	0	15894	0	15894
chr10	75988491	0	0	0	15601	15601
chr10	85902732	0	0	0	22056	22056
chr10	86181339	0	0	15755	0	15755
chr10	92337774	0	0	20403	0	20403
chr10	97004015	0	0	15226	0	15226
chr10	119277944	0	0	22622	0	22622
chr10	122272140	0	0	20085	0	20085
chr10	123494840	0	0	0	17224	17224
chr11	9060299	0	20818	0	0	20818
chr11	12452833	0	16810	0	0	16810
chr11	16448684	0	19154	0	0	19154
chr11	17742288	0	0	13773	0	13773
chr11	28675735	0	0	0	21271	21271
chr11	34495982	0	0	16433	0	16433
chr11	36153821	0	0	20138	0	20138
chr11	61104592	0	17330	0	0	17330
chr11	72657766	0	17502	0	0	17502
chr11	75204789	0	17406	0	0	17406
chr11	79345466	0	0	21675	0	21675
chr11	82358771	15221	0	0	0	15221
chr11	82841162	0	17438	0	0	17438
chr11	88806002	0	16710	0	0	16710
chr11	95109864	0	0	17083	0	17083
chr11	99206570	0	0	19454	0	19454
chr11	99568787	0	0	18735	0	18735
chr11	103703043	0	0	20419	0	20419
chr11	115715728	0	19494	0	0	19494
chr11	116870374	1	17787	0	1	17789
chr11	131690353	0	17918	0	0	17918
chr11	132079459	0	22124	0	0	22124
chr12	5493483	0	19780	0	0	19780
chr12	21601728	0	0	0	22577	22577
chr12	25160011	0	16494	0	0	16494
chr12	26645129	0	0	0	19651	19651
chr12	26782362	11741	0	0	0	11741
chr12	52079237	0	0	16346	0	16346
chr12	52595717	0	0	22515	0	22515
chr12	66032460	0	0	20700	0	20700
chr12	71128007	0	20227	0	0	20227
chr12	71328041	0	0	22038	0	22038
chr12	75146865	0	19582	0	0	19582
chr12	79117379	0	18633	0	0	18633
chr12	80593442	0	22331	0	0	22331
chr12	82519695	0	0	16558	0	16558
chr12	95214749	0	16344	0	0	16344
chr12	98291006	0	20221	0	0	20221
chr12	106685795	0	22302	0	0	22302
chr12	109763696	0	0	0	18428	18428
chr12	125618357	0	18937	0	0	18937
chr12	131030749	0	0	17695	0	17695
chr12	132023655	9919	0	0	0	9919
chr13	29381512	0	0	19054	0	19054
chr13	42036116	0	0	19049	0	19049
chr13	42240684	19722	0	0	0	19722
chr13	60142103	0	22049	0	0	22049
chr13	60439471	0	0	0	22277	22277
chr13	77138657	0	20972	0	0	20972
chr13	85373372	0	15248	0	0	15248
chr13	85427587	0	0	0	21243	21243
chr13	97288391	18610	0	0	0	18610
chr13	101324295	0	0	18862	0	18862
chr13	101837563	0	0	20847	0	20847
chr13	101854619	0	0	21966	0	21966
chr13	101932175	0	0	0	19020	19020
chr13	107545694	0	0	20270	0	20270
chr13	107614443	0	18845	0	0	18845
chr13	114254603	0	0	15935	0	15935
chr14	27096948	0	0	0	19335	19335
chr14	29794017	20322	0	0	0	20322
chr14	33560608	0	0	19962	0	19962
chr14	38902618	0	0	21875	0	21875
chr14	41647219	20667	0	0	0	20667
chr14	58866458	0	22245	0	0	22245
chr14	67543343	0	0	19517	0	19517
chr14	71596357	0	22158	0	0	22158
chr14	72043618	0	0	0	20141	20141
chr14	72792911	0	11747	0	0	11747
chr14	75696887	16406	0	0	0	16406
chr14	76153957	0	0	0	21002	21002
chr14	96345093	12945	0	0	0	12945
chr14	99815806	0	0	20546	0	20546
chr14	101772091	0	17679	0	0	17679
chr15	26642237	0	0	16352	0	16352
chr15	27163093	0	0	17179	0	17179
chr15	27350630	0	0	16179	0	16179
chr15	27791772	0	19413	0	0	19413
chr15	31581854	0	19324	0	0	19324
chr15	39607771	0	0	18736	0	18736
chr15	39799601	0	19709	0	0	19709
chr15	44013678	0	19017	0	0	19017
chr15	51102786	1	23369	0	0	23370
chr15	52760851	0	0	17785	0	17785
chr15	65333274	0	14317	0	0	14317
chr15	79042520	0	17612	0	0	17612
chr15	80115575	22790	0	0	0	22790
chr15	92613399	19239	0	0	0	19239
chr15	100716908	0	19814	0	0	19814
chr15	100814131	0	0	20806	0	20806
chr16	149567	0	0	18985	0	18985
chr16	6034615	0	0	0	17788	17788
chr16	6379558	0	0	15270	0	15270
chr16	6438926	0	0	21381	0	21381
chr16	6457927	0	14673	0	0	14673
chr16	6539222	0	0	20270	0	20270
chr16	9910458	9623	0	0	0	9623
chr16	19458933	0	0	17750	0	17750
chr16	20911700	17439	0	0	0	17439
chr16	23413206	0	0	18844	0	18844
chr16	27853798	0	17271	0	0	17271
chr16	52568377	0	0	18800	0	18800
chr16	55329190	0	10245	0	0	10245
chr16	57370498	0	0	13920	0	13920
chr16	58189462	0	20143	0	0	20143
chr16	66398998	19370	0	0	0	19370
chr16	68840239	0	19112	0	0	19112
chr16	73386067	18332	0	0	0	18332
chr16	87938481	0	0	22655	0	22655
chr17	5834703	0	21761	0	0	21761
chr17	5866063	0	0	21596	0	21596
chr17	7673802	0	18148	0	0	18148
chr17	12621615	0	0	0	20471	20471
chr17	28808409	22106	0	0	0	22106
chr17	31301370	0	0	20738	0	20738
chr17	33287817	1	0	17846	0	17847
chr17	41579989	0	16136	0	0	16136
chr17	51067636	0	0	20344	0	20344
chr17	53823345	0	0	16346	0	16346
chr17	60663388	0	21445	0	0	21445
chr17	64544026	22489	0	0	0	22489
chr17	70179283	0	0	18243	0	18243
chr17	78362732	0	19642	0	0	19642
chr18	2067928	0	0	20896	0	20896
chr18	4193999	0	0	0	17204	17204
chr18	7579277	21052	0	0	0	21052
chr18	7731753	0	22056	0	0	22056
chr18	27125186	0	0	16151	0	16151
chr18	27479420	0	0	0	11413	11413
chr18	28792727	0	0	15481	0	15481
chr18	32968807	17239	0	0	0	17239
chr18	35001085	0	17309	0	0	17309
chr18	36458917	1	16622	0	0	16623
chr18	44779472	20212	0	0	0	20212
chr18	48391046	0	18939	0	0	18939
chr18	50593212	0	0	22020	0	22020
chr18	53105846	0	20961	0	0	20961
chr18	53122862	0	23956	0	0	23956
chr18	58968498	0	0	0	18018	18018
chr18	62527782	0	0	19783	0	19783
chr18	67860350	0	0	21631	0	21631
chr18	69764027	0	22458	0	0	22458
chr18	69785965	0	0	20380	0	20380
chr18	74666478	0	0	20624	1	20625
chr18	75019013	0	19420	0	0	19420
chr19	1093607	0	0	11729	0	11729
chr19	3425123	15697	0	0	0	15697
chr19	15666453	0	0	18340	0	18340
chr19	16694405	18267	0	0	0	18267
chr19	29509553	1	0	18000	0	18001
chr19	30323707	23046	0	0	0	23046
chr19	30530988	0	18007	0	0	18007
chr19	32773283	0	21593	0	0	21593
chr19	38932504	14282	0	0	0	14282
chr19	44782374	0	0	14932	0	14932
chr19	50881682	0	0	20372	0	20372
chr19	55915778	0	17707	0	0	17707
chr2	1154701	0	0	21101	0	21101
chr2	1742960	0	0	0	14685	14685
chr2	10406468	0	16505	0	0	16505
chr2	15329122	0	0	0	20508	20508
chr2	25241701	18210	0	0	0	18210
chr2	25251367	0	11431	0	0	11431
chr2	26629585	0	0	17630	0	17630
chr2	37697692	0	18175	0	0	18175
chr2	45322516	0	20785	0	0	20785
chr2	45439862	0	0	0	21473	21473
chr2	54770891	0	0	0	19111	19111
chr2	71567135	0	0	0	19529	19529
chr2	98389058	0	0	19824	0	19824
chr2	102143159	13951	0	0	0	13951
chr2	114707074	0	0	23088	0	23088
chr2	127665413	0	0	0	18644	18644
chr2	132582239	0	0	19439	0	19439
chr2	133060545	0	0	21374	0	21374
chr2	144917388	0	0	0	21873	21873
chr2	145061824	23282	0	0	0	23282
chr2	162615022	0	0	18917	0	18917
chr2	173947911	0	0	0	21936	21936
chr2	235924482	0	0	18543	0	18543
chr2	238869095	19880	0	0	0	19880
chr20	83125	0	0	21170	0	21170
chr20	2689922	0	0	0	18208	18208
chr20	14300230	0	0	22406	0	22406
chr20	15897758	15470	0	0	0	15470
chr20	17433203	0	0	21990	0	21990
chr20	17438999	0	0	0	18950	18950
chr20	31388798	0	20286	0	0	20286
chr20	33644524	0	0	16643	0	16643
chr20	37048246	0	0	0	23707	23707
chr20	42445112	0	21040	0	0	21040
chr20	43031232	0	0	19605	0	19605
chr20	46027033	0	21267	0	0	21267
chr20	46176605	0	16090	0	0	16090
chr20	53088002	0	21331	0	0	21331
chr20	57180459	0	0	10830	0	10830
chr21	15618094	0	0	21371	0	21371
chr21	19343639	0	0	12650	0	12650
chr21	24442239	0	0	0	23283	23283
chr21	25136440	0	0	0	17575	17575
chr21	27426571	0	0	0	19053	19053
chr21	32105632	0	0	20375	0	20375
chr21	32724635	0	0	12481	0	12481
chr21	33343100	0	0	0	19370	19370
chr22	19671429	0	10308	0	9634	19942
chr22	23146941	0	20744	0	0	20744
chr22	32446726	23153	0	0	0	23153
chr22	34025088	0	0	22469	0	22469
chr22	34067533	0	0	0	19907	19907
chr22	36632626	0	0	0	19169	19169
chr22	39588782	0	0	18162	0	18162
chr22	39763307	0	0	20124	0	20124
chr22	50177619	0	16895	0	0	16895
chr22	50704303	0	0	15296	0	15296
chr3	10285215	0	22389	0	0	22389
chr3	11791441	0	0	0	20991	20991
chr3	19237681	22110	0	0	0	22110
chr3	21693754	13339	0	0	0	13339
chr3	37310467	0	0	20277	0	20277
chr3	38284916	0	0	21337	0	21337
chr3	44363269	0	0	21229	0	21229
chr3	44952729	0	18625	0	0	18625
chr3	79767152	0	0	16430	0	16430
chr3	107382386	24092	0	0	0	24092
chr3	113155227	0	0	0	17991	17991
chr3	116085338	0	21622	0	0	21622
chr3	116726256	0	22488	0	0	22488
chr3	117543855	0	22920	0	0	22920
chr3	124684464	0	18842	0	0	18842
chr3	140454496	0	20753	0	0	20753
chr3	156415939	0	20048	0	0	20048
chr3	156497298	0	0	22495	0	22495
chr3	177567328	0	0	0	21183	21183
chr3	192811966	0	20785	0	0	20785
chr4	6459102	0	20657	0	0	20657
chr4	20521698	0	21372	0	0	21372
chr4	39368569	0	0	0	21014	21014
chr4	40516043	0	17546	0	0	17546
chr4	41632702	0	19263	0	0	19263
chr4	46041809	0	24273	0	0	24273
chr4	54028492	0	0	0	21098	21098
chr4	61227827	23049	0	0	0	23049
chr4	68105471	0	0	0	21824	21824
chr4	94932782	0	0	19620	0	19620
chr4	105275204	0	20103	0	0	20103
chr4	117369082	0	14861	0	0	14861
chr4	118029843	0	0	0	19549	19549
chr4	136882056	0	0	22267	0	22267
chr4	139722579	22110	0	0	0	22110
chr4	171825435	0	0	0	21518	21518
chr4	173533424	0	0	0	20283	20283
chr4	177840335	0	0	20793	0	20793
chr5	7122445	0	0	20966	0	20966
chr5	7476150	0	0	17699	0	17699
chr5	9516855	0	0	21330	0	21330
chr5	16081001	19342	0	0	0	19342
chr5	16799180	0	0	20215	0	20215
chr5	26395126	12367	0	0	0	12367
chr5	27027008	0	19937	0	0	19937
chr5	35909655	0	0	24474	0	24474
chr5	42858784	0	19862	0	0	19862
chr5	45580010	0	0	22168	0	22168
chr5	60597295	19416	0	0	0	19416
chr5	61368607	0	0	0	21415	21415
chr5	73282578	0	0	21461	0	21461
chr5	80425361	24076	0	0	0	24076
chr5	83179950	0	0	20575	0	20575
chr5	111118182	0	0	0	24906	24906
chr5	114477338	0	0	19767	0	19767
chr5	126355471	0	0	19857	0	19857
chr5	132280512	0	0	18051	0	18051
chr5	137139894	0	18372	0	0	18372
chr5	149136585	0	19085	0	0	19085
chr5	156450715	19065	0	0	0	19065
chr5	162070088	0	0	0	14163	14163
chr5	167685565	0	0	21360	0	21360
chr5	178981641	0	0	15883	0	15883
chr6	39208712	18027	0	0	0	18027
chr6	42424894	0	0	0	21811	21811
chr6	50745106	0	0	18758	0	18758
chr6	54921023	17287	0	0	0	17287
chr6	56164611	0	0	0	19440	19440
chr6	72823822	22205	0	0	0	22205
chr6	97926608	0	20110	0	0	20110
chr6	123214387	17809	0	0	0	17809
chr6	128525222	0	21867	0	0	21867
chr6	128939397	0	0	0	19084	19084
chr6	148505123	0	0	20837	0	20837
chr6	150236254	0	0	19534	0	19534
chr6	151284044	0	0	19539	0	19539
chr6	156879739	21048	0	0	0	21048
chr6	166098026	0	0	0	16240	16240
chr6	169541880	0	0	0	11747	11747
chr7	3324741	0	0	20549	0	20549
chr7	3517174	0	0	23710	0	23710
chr7	3884930	0	18069	0	0	18069
chr7	3989636	0	18662	1	0	18663
chr7	18892701	19638	0	0	0	19638
chr7	21816505	0	20720	0	0	20720
chr7	27108877	0	0	12575	0	12575
chr7	37213242	0	0	20328	0	20328
chr7	42022250	0	22716	0	0	22716
chr7	44239171	0	0	13624	0	13624
chr7	44291059	0	0	0	20326	20326
chr7	55157734	0	19337	0	0	19337
chr7	89114094	0	12815	0	0	12815
chr7	102898017	0	0	19196	0	19196
chr7	114443108	0	0	22990	0	22990
chr7	123612453	0	18210	0	0	18210
chr7	129058902	0	21978	0	0	21978
chr7	134248169	0	0	20000	0	20000
chr7	134802240	0	0	18276	0	18276
chr7	137819873	0	21109	0	0	21109
chr7	148810344	0	0	0	18861	18861
chr7	148811627	0	21669	0	0	21669
chr7	158031014	0	19913	0	0	19913
chr8	3088430	20304	0	0	0	20304
chr8	3172437	0	0	18664	0	18664
chr8	3245358	0	0	20934	0	20934
chr8	3257804	0	0	17782	0	17782
chr8	3721952	0	0	18898	0	18898
chr8	18185701	0	0	0	14484	14484
chr8	25483968	0	0	12823	0	12823
chr8	27305102	0	0	19404	0	19404
chr8	28027962	9973	0	0	0	9973
chr8	35683818	0	0	0	21700	21700
chr8	41850923	0	0	19636	0	19636
chr8	50190656	0	0	0	20355	20355
chr8	65633841	0	0	18483	0	18483
chr8	66708097	0	0	16101	0	16101
chr8	68756692	0	0	11488	0	11488
chr8	85129252	0	0	0	20778	20778
chr8	87069790	22518	0	0	0	22518
chr8	91086921	0	0	20951	0	20951
chr8	100219126	0	0	23172	0	23172
chr8	113312898	0	0	15633	0	15633
chr8	113401478	0	21085	0	0	21085
chr8	119785904	19015	0	0	0	19015
chr8	139698313	0	16689	0	0	16689
chr9	4597502	0	0	16232	0	16232
chr9	9252386	0	0	20755	0	20755
chr9	9555526	23452	0	0	0	23452
chr9	19721212	0	19947	0	0	19947
chr9	21971029	1	10874	0	0	10875
chr9	101640362	0	22045	0	0	22045
chr9	106598206	0	0	0	20811	20811
chr9	109501997	20426	0	0	0	20426
chr9	112266538	0	0	0	22719	22719
chr9	128395001	0	0	18656	0	18656
chr9	134415169	12204	0	0	0	12204
chrX	11637021	0	0	9432	0	9432
chrX	12288772	0	0	22521	0	22521
chrX	15835476	0	0	22069	0	22069
chrX	17845322	0	22233	0	0	22233
chrX	29747945	0	0	21190	0	21190
chrX	32848180	0	0	22150	0	22150
chrX	45849345	0	23399	0	0	23399
chrX	72128810	0	0	18864	0	18864
chrX	104593414	0	0	20646	0	20646
chrX	105678895	0	12411	0	0	12411
chrX	105841353	0	0	19637	0	19637
chrX	108305108	0	20138	0	0	20138
chrX	109378360	0	0	20667	0	20667
chrX	109621230	22502	0	0	0	22502
chrX	132489973	0	11024	0	0	11024
chrX	133881186	0	22022	0	0	22022
chrX	154938339	0	0	19994	0	19994
