#CHR	POS	Count_A	Count_C	Count_G	Count_T	Good_depth
chr1	4551169	0	0	19768	0	19768
chr1	8653318	0	0	0	14041	14041
chr1	20167322	0	0	19410	0	19410
chr1	33876265	21684	0	0	0	21684
chr1	42703955	0	0	22489	0	22489
chr1	44078273	0	17677	0	0	17677
chr1	49227014	0	21995	0	0	21995
chr1	51946640	0	22863	0	0	22863
chr1	57542637	0	22245	0	0	22245
chr1	59993665	14427	0	0	0	14427
chr1	63244456	0	17466	0	0	17466
chr1	75159281	0	23744	0	0	23744
chr1	77123422	0	18984	0	0	18984
chr1	80630555	19647	0	0	0	19647
chr1	85803894	0	18516	0	0	18516
chr1	103052013	0	0	0	21639	21639
chr1	109601275	0	21801	0	0	21801
chr1	115030755	0	23897	0	0	23897
chr1	117113739	0	0	21953	0	21953
chr1	175508637	0	19699	0	0	19699
chr1	184629144	0	0	19279	0	19279
chr1	184975298	0	22301	0	0	22301
chr1	197482223	0	0	19618	0	19618
chr1	200151609	0	0	0	19280	19280
chr1	229465351	0	21847	0	0	21847
chr10	5858380	0	0	0	19231	19231
chr10	14586207	0	19952	0	0	19952
chr10	22211104	0	0	22732	0	22732
chr10	25270158	0	0	0	20192	20192
chr10	27082826	0	0	0	16864	16864
chr10	30041333	22202	0	0	0	22202
chr10	35131703	18281	0	0	0	18281
chr10	62664688	0	0	20786	0	20786
chr10	73148784	18825	0	0	0	18825
chr10	75095801	0	0	16366	0	16366
chr10	75988491	0	0	0	15169	15169
chr10	85902732	0	0	0	22033	22033
chr10	86181339	0	0	16529	0	16529
chr10	92337774	0	0	20286	0	20286
chr10	97004015	0	0	15924	0	15924
chr10	119277944	0	0	22735	0	22735
chr10	122272140	0	0	19909	0	19909
chr10	123494840	0	0	0	17581	17581
chr11	9060299	0	21016	0	0	21016
chr11	12452833	0	17249	0	0	17249
chr11	16448684	0	17977	0	0	17977
chr11	17742288	0	0	13266	0	13266
chr11	28675735	0	0	0	20766	20766
chr11	34495982	0	0	17470	0	17470
chr11	36153821	0	0	20062	0	20062
chr11	61104592	0	17859	0	0	17859
chr11	72657766	0	18363	0	0	18363
chr11	75204789	0	17285	0	0	17285
chr11	79345466	0	0	20368	0	20368
chr11	82358771	13620	0	0	0	13620
chr11	82841162	0	17482	0	0	17482
chr11	88806002	0	14959	0	0	14959
chr11	95109864	0	0	17809	0	17809
chr11	99206570	0	0	19180	0	19180
chr11	99568787	0	0	18274	0	18274
chr11	103703043	0	0	20455	0	20455
chr11	115715728	0	19960	0	0	19960
chr11	116870374	2	17794	0	0	17796
chr11	131690353	0	19234	0	0	19234
chr11	132079459	0	22875	0	0	22875
chr12	5493483	0	19864	0	0	19864
chr12	21601728	0	0	0	21521	21521
chr12	25160011	0	15067	0	0	15067
chr12	26645129	0	0	0	20131	20131
chr12	26782362	10421	0	0	0	10421
chr12	52079237	0	0	16913	0	16913
chr12	52595717	0	0	21753	0	21753
chr12	66032460	0	0	20144	0	20144
chr12	71128007	0	19139	0	0	19139
chr12	71328041	0	0	22445	0	22445
chr12	75146865	0	18332	0	0	18332
chr12	79117379	0	19300	0	0	19300
chr12	80593442	0	20519	0	0	20519
chr12	82519695	0	0	15620	0	15620
chr12	95214749	0	15252	0	0	15252
chr12	98291006	0	18750	0	0	18750
chr12	106685795	0	22072	0	0	22072
chr12	109763696	0	0	0	19050	19050
chr12	125618357	0	19377	0	0	19377
chr12	131030749	0	0	18524	0	18524
chr12	132023655	8803	0	0	0	8803
chr13	29381512	0	0	17685	0	17685
chr13	42036116	0	0	17082	0	17082
chr13	42240684	18392	0	0	0	18392
chr13	60142103	0	21392	0	0	21392
chr13	60439471	0	0	0	20710	20710
chr13	77138657	0	19991	0	0	19991
chr13	85373372	0	13635	0	0	13635
chr13	85427587	0	0	0	21368	21368
chr13	97288391	18158	0	0	0	18158
chr13	101324295	0	0	17932	0	17932
chr13	101837563	0	0	19819	0	19819
chr13	101854619	0	0	20673	0	20673
chr13	101932175	0	0	0	19506	19506
chr13	107545694	0	0	21077	0	21077
chr13	107614443	0	18446	0	0	18446
chr13	114254603	0	0	14786	0	14786
chr14	27096948	0	0	0	18616	18616
chr14	29794017	19158	0	0	0	19158
chr14	33560608	0	0	19372	0	19372
chr14	38902618	0	0	21705	0	21705
chr14	41647219	20427	0	0	0	20427
chr14	58866458	0	22107	0	0	22107
chr14	67543343	0	0	19172	0	19172
chr14	71596357	0	21128	0	0	21128
chr14	72043618	0	0	0	20064	20064
chr14	72792911	0	10275	0	0	10275
chr14	75696887	13980	0	0	0	13980
chr14	76153957	0	0	0	19646	19646
chr14	96345093	10806	0	0	0	10806
chr14	99815806	0	0	20886	0	20886
chr14	101772091	0	17204	0	0	17204
chr15	26642237	0	0	16940	0	16940
chr15	27163093	0	0	18227	0	18227
chr15	27350630	0	0	16615	0	16615
chr15	27791772	0	18909	0	0	18909
chr15	31581854	0	19139	0	0	19139
chr15	39607771	0	0	17243	1	17244
chr15	39799601	0	18670	0	0	18670
chr15	44013678	0	18050	0	0	18050
chr15	51102786	0	23692	0	0	23692
chr15	52760851	0	0	17325	0	17325
chr15	65333274	0	15047	0	0	15047
chr15	79042520	0	18038	0	0	18038
chr15	80115575	21225	0	0	0	21225
chr15	92613399	17604	0	0	0	17604
chr15	100716908	0	20036	0	0	20036
chr15	100814131	0	0	20995	0	20995
chr16	149567	0	0	20055	0	20055
chr16	6034615	0	0	0	18221	18221
chr16	6379558	0	0	15388	0	15388
chr16	6438926	0	0	21221	0	21221
chr16	6457927	0	12609	0	0	12609
chr16	6539222	0	0	19451	0	19451
chr16	9910458	9006	0	0	0	9006
chr16	19458933	0	0	18426	0	18426
chr16	20911700	16567	0	0	0	16567
chr16	23413206	0	0	18790	0	18790
chr16	27853798	0	17343	0	0	17343
chr16	52568377	0	0	18660	0	18660
chr16	55329190	0	9973	0	0	9973
chr16	57370498	0	0	13878	0	13878
chr16	58189462	0	20687	0	0	20687
chr16	66398998	19791	0	0	0	19791
chr16	68840239	0	19492	0	0	19492
chr16	73386067	17566	0	0	0	17566
chr16	87938481	0	0	22642	0	22642
chr17	5834703	0	21425	0	0	21425
chr17	5866063	0	0	21704	0	21704
chr17	7673802	0	18487	0	0	18487
chr17	12621615	0	0	0	19573	19573
chr17	28808409	21052	0	0	0	21052
chr17	31301370	0	0	19220	0	19220
chr17	33287817	0	0	18397	0	18397
chr17	41579989	1	16785	0	0	16786
chr17	51067636	0	0	19223	0	19223
chr17	53823345	0	0	16699	0	16699
chr17	60663388	0	21260	0	0	21260
chr17	64544026	22221	0	0	0	22221
chr17	70179283	0	0	17078	0	17078
chr17	78362732	0	18540	0	0	18540
chr18	2067928	0	0	20916	0	20916
chr18	4193999	0	0	0	16120	16120
chr18	7579277	20601	0	0	0	20601
chr18	7731753	0	21820	0	0	21820
chr18	27125186	0	0	15948	0	15948
chr18	27479420	0	0	0	10218	10218
chr18	28792727	0	0	15253	0	15253
chr18	32968807	15738	0	0	0	15738
chr18	35001085	0	15871	0	0	15871
chr18	36458917	0	16580	0	0	16580
chr18	44779472	20415	0	0	0	20415
chr18	48391046	0	19218	0	0	19218
chr18	50593212	0	0	22132	0	22132
chr18	53105846	0	20277	0	0	20277
chr18	53122862	0	23808	0	0	23808
chr18	58968498	0	0	0	18759	18759
chr18	62527782	0	0	19095	0	19095
chr18	67860350	0	0	21824	0	21824
chr18	69764027	0	23300	0	0	23300
chr18	69785965	0	0	19889	0	19889
chr18	74666478	0	0	21076	0	21076
chr18	75019013	0	18733	0	0	18733
chr19	1093607	0	0	11950	0	11950
chr19	3425123	16392	0	0	0	16392
chr19	15666453	0	0	18387	0	18387
chr19	16694405	17474	0	0	0	17474
chr19	29509553	0	0	19094	0	19094
chr19	30323707	23916	0	0	0	23916
chr19	30530988	0	18393	0	0	18393
chr19	32773283	0	21997	0	0	21997
chr19	38932504	14388	0	0	0	14388
chr19	44782374	0	0	15501	0	15501
chr19	50881682	0	0	19641	0	19641
chr19	55915778	0	17883	0	0	17883
chr2	1154701	0	0	21511	0	21511
chr2	1742960	0	0	0	14632	14632
chr2	10406468	0	17003	0	0	17003
chr2	15329122	0	0	0	20226	20226
chr2	25241701	18328	0	0	0	18328
chr2	25251367	0	11477	0	0	11477
chr2	26629585	0	0	18803	0	18803
chr2	37697692	0	17672	0	0	17672
chr2	45322516	0	21143	0	0	21143
chr2	45439862	0	0	0	20551	20551
chr2	54770891	0	0	0	19280	19280
chr2	71567135	0	0	0	19973	19973
chr2	98389058	0	0	20026	0	20026
chr2	102143159	14112	0	0	0	14112
chr2	114707074	0	0	23818	0	23818
chr2	127665413	0	0	0	19037	19037
chr2	132582239	0	0	19059	0	19059
chr2	133060545	0	0	20786	0	20786
chr2	144917388	0	0	0	22042	22042
chr2	145061824	21950	0	0	0	21950
chr2	162615022	0	0	17403	0	17403
chr2	173947911	0	0	0	21368	21368
chr2	235924482	0	0	18889	0	18889
chr2	238869095	18919	0	0	0	18919
chr20	83125	0	0	21111	0	21111
chr20	2689922	0	0	0	18191	18191
chr20	14300230	0	0	22536	0	22536
chr20	15897758	14334	0	0	0	14334
chr20	17433203	0	0	20943	0	20943
chr20	17438999	0	0	0	19428	19428
chr20	31388798	0	20282	0	0	20282
chr20	33644524	0	0	16722	0	16722
chr20	37048246	0	1	0	23900	23901
chr20	42445112	0	21088	0	0	21088
chr20	43031232	0	0	20446	0	20446
chr20	46027033	0	21393	0	0	21393
chr20	46176605	0	15473	0	0	15473
chr20	53088002	0	21582	0	0	21582
chr20	57180459	0	0	11330	0	11330
chr21	15618094	0	0	21170	0	21170
chr21	19343639	0	0	12082	0	12082
chr21	24442239	0	0	0	22381	22381
chr21	25136440	0	0	0	17679	17679
chr21	27426571	0	0	0	18197	18197
chr21	32105632	0	0	20496	0	20496
chr21	32724635	0	0	10100	0	10100
chr21	33343100	0	0	0	19721	19721
chr22	19671429	0	10431	0	9725	20156
chr22	23146941	0	21118	0	0	21118
chr22	32446726	22087	0	0	0	22087
chr22	34025088	0	0	23229	0	23229
chr22	34067533	0	0	0	20204	20204
chr22	36632626	0	0	0	18586	18586
chr22	39588782	0	0	17865	0	17865
chr22	39763307	0	0	19719	0	19719
chr22	50177619	0	17688	0	0	17688
chr22	50704303	0	0	16234	0	16234
chr3	10285215	0	23151	0	0	23151
chr3	11791441	0	0	0	21282	21282
chr3	19237681	21874	0	0	0	21874
chr3	21693754	12597	0	0	0	12597
chr3	37310467	0	0	18473	0	18473
chr3	38284916	0	0	21419	0	21419
chr3	44363269	0	0	20744	0	20744
chr3	44952729	0	19378	0	0	19378
chr3	79767152	0	0	16820	0	16820
chr3	107382386	23532	0	0	0	23532
chr3	113155227	0	0	0	16126	16126
chr3	116085338	0	21362	0	0	21362
chr3	116726256	0	22060	0	0	22060
chr3	117543855	0	21831	0	0	21831
chr3	124684464	0	19020	0	0	19020
chr3	140454496	0	20499	0	0	20499
chr3	156415939	0	20362	0	0	20362
chr3	156497298	0	0	22686	0	22686
chr3	177567328	0	0	0	21325	21325
chr3	192811966	0	20239	0	0	20239
chr4	6459102	0	21204	0	0	21204
chr4	20521698	0	21000	0	0	21000
chr4	39368569	0	0	0	21140	21140
chr4	40516043	0	16508	0	0	16508
chr4	41632702	0	19824	0	0	19824
chr4	46041809	0	24663	0	0	24663
chr4	54028492	0	0	0	20457	20457
chr4	61227827	23112	0	0	0	23112
chr4	68105471	0	0	0	22265	22265
chr4	94932782	0	0	18062	0	18062
chr4	105275204	0	20437	0	0	20437
chr4	117369082	0	13600	0	0	13600
chr4	118029843	0	0	0	18361	18361
chr4	136882056	0	0	21989	0	21989
chr4	139722579	21012	0	0	0	21012
chr4	171825435	0	0	0	20800	20800
chr4	173533424	0	0	0	19941	19941
chr4	177840335	0	0	20498	0	20498
chr5	7122445	0	0	21274	0	21274
chr5	7476150	0	0	16656	0	16656
chr5	9516855	0	0	21656	0	21656
chr5	16081001	19889	0	0	0	19889
chr5	16799180	0	0	19790	0	19790
chr5	26395126	11945	0	0	0	11945
chr5	27027008	0	18888	0	0	18888
chr5	35909655	0	0	23461	0	23461
chr5	42858784	0	19655	0	0	19655
chr5	45580010	0	0	22143	0	22143
chr5	60597295	17764	0	0	0	17764
chr5	61368607	0	0	0	21095	21095
chr5	73282578	0	0	21083	0	21083
chr5	80425361	22442	0	0	0	22442
chr5	83179950	0	0	20287	0	20287
chr5	111118182	0	0	0	24359	24359
chr5	114477338	0	0	18240	0	18240
chr5	126355471	0	0	19833	0	19833
chr5	132280512	0	0	18425	0	18425
chr5	137139894	0	18674	0	0	18674
chr5	149136585	0	19760	0	0	19760
chr5	156450715	17303	0	0	0	17303
chr5	162070088	0	0	0	12481	12481
chr5	167685565	0	0	21466	0	21466
chr5	178981641	0	0	17204	0	17204
chr6	39208712	17935	0	0	0	17935
chr6	42424894	0	0	0	21230	21230
chr6	50745106	0	0	19236	0	19236
chr6	54921023	17656	0	0	0	17656
chr6	56164611	0	0	0	18804	18804
chr6	72823822	21910	0	0	0	21910
chr6	97926608	0	19729	0	0	19729
chr6	123214387	15404	0	0	0	15404
chr6	128525222	0	21775	0	0	21775
chr6	128939397	0	0	0	18487	18487
chr6	148505123	0	0	21213	0	21213
chr6	150236254	0	0	19508	0	19508
chr6	151284044	0	0	19735	1	19736
chr6	156879739	20701	0	0	0	20701
chr6	166098026	0	0	0	16749	16749
chr6	169541880	0	0	0	10213	10213
chr7	3324741	0	0	19564	0	19564
chr7	3517174	0	0	23925	0	23925
chr7	3884930	0	18672	0	0	18672
chr7	3989636	0	19795	0	0	19795
chr7	18892701	19233	0	0	0	19233
chr7	21816505	0	20493	0	0	20493
chr7	27108877	0	0	12835	0	12835
chr7	37213242	0	0	19932	0	19932
chr7	42022250	0	21700	0	0	21700
chr7	44239171	0	0	14440	0	14440
chr7	44291059	0	0	0	20863	20863
chr7	55157734	0	20458	0	0	20458
chr7	89114094	0	11374	0	0	11374
chr7	102898017	0	0	17527	0	17527
chr7	114443108	0	0	22798	0	22798
chr7	123612453	0	17265	0	0	17265
chr7	129058902	0	21373	0	0	21373
chr7	134248169	0	0	20171	0	20171
chr7	134802240	0	0	17794	0	17794
chr7	137819873	0	20933	0	0	20933
chr7	148810344	0	0	0	19488	19488
chr7	148811627	0	21768	0	0	21768
chr7	158031014	0	20411	0	0	20411
chr8	3088430	20163	0	0	0	20163
chr8	3172437	0	0	19177	0	19177
chr8	3245358	0	0	20980	0	20980
chr8	3257804	0	0	18775	0	18775
chr8	3721952	0	0	18735	0	18735
chr8	18185701	0	0	0	12978	12978
chr8	25483968	0	0	11769	0	11769
chr8	27305102	0	0	20019	0	20019
chr8	28027962	8175	0	0	0	8175
chr8	35683818	0	0	0	22642	22642
chr8	41850923	0	0	20122	0	20122
chr8	50190656	0	0	0	19009	19009
chr8	65633841	0	0	16881	0	16881
chr8	66708097	0	0	15111	0	15111
chr8	68756692	0	0	9972	0	9972
chr8	85129252	0	0	0	20068	20068
chr8	87069790	22489	0	0	0	22489
chr8	91086921	0	0	19630	0	19630
chr8	100219126	0	0	22151	0	22151
chr8	113312898	0	0	14540	0	14540
chr8	113401478	0	19362	0	0	19362
chr8	119785904	17260	0	0	0	17260
chr8	139698313	0	17080	0	0	17080
chr9	4597502	0	0	15742	0	15742
chr9	9252386	1	0	20739	0	20740
chr9	9555526	23208	0	0	0	23208
chr9	19721212	0	19020	0	0	19020
chr9	21971029	0	11166	0	0	11166
chr9	101640362	0	22042	0	0	22042
chr9	106598206	0	0	0	20392	20392
chr9	109501997	20661	0	0	0	20661
chr9	112266538	0	0	0	21349	21349
chr9	128395001	0	0	19320	0	19320
chr9	134415169	12931	0	0	0	12931
chrX	11637021	0	0	7419	0	7419
chrX	12288772	0	0	21907	0	21907
chrX	15835476	0	0	19342	0	19342
chrX	17845322	0	21769	0	0	21769
chrX	29747945	0	0	20064	0	20064
chrX	32848180	0	0	22826	0	22826
chrX	45849345	0	20901	0	0	20901
chrX	72128810	0	0	19888	0	19888
chrX	104593414	0	0	19149	0	19149
chrX	105678895	0	11467	0	0	11467
chrX	105841353	0	0	19048	0	19048
chrX	108305108	0	20527	0	0	20527
chrX	109378360	0	0	20817	0	20817
chrX	109621230	22296	0	0	0	22296
chrX	132489973	0	10167	0	0	10167
chrX	133881186	0	21600	0	0	21600
chrX	154938339	0	0	19362	0	19362
