#CHR	POS	Count_A	Count_C	Count_G	Count_T	Good_depth
chr1	4551169	90	0	19532	0	19622
chr1	8653318	60	0	0	12655	12715
chr1	20167322	0	0	21190	0	21190
chr1	33876265	22320	0	0	0	22320
chr1	42703955	0	0	20972	0	20972
chr1	44078273	0	17676	0	0	17676
chr1	49227014	0	22017	0	0	22017
chr1	51946640	0	22038	0	0	22038
chr1	57542637	0	20978	0	0	20978
chr1	59993665	13926	0	0	0	13926
chr1	63244456	0	16707	0	0	16707
chr1	75159281	0	22962	0	0	22962
chr1	77123422	0	17938	0	0	17938
chr1	80630555	17151	0	0	0	17151
chr1	85803894	0	17458	0	0	17458
chr1	103052013	0	0	0	19356	19356
chr1	109601275	0	19866	0	0	19866
chr1	115030755	0	22140	0	0	22140
chr1	117113739	0	0	21781	0	21781
chr1	175508637	0	21279	0	0	21279
chr1	184629144	0	0	18937	0	18937
chr1	184975298	0	21399	0	0	21399
chr1	197482223	27	0	17700	0	17727
chr1	200151609	0	0	0	17376	17376
chr1	229465351	0	19586	0	0	19586
chr10	5858380	0	0	0	19407	19407
chr10	14586207	0	21713	0	0	21713
chr10	22211104	0	0	20253	0	20253
chr10	25270158	0	86	0	19186	19272
chr10	27082826	0	0	0	14961	14961
chr10	30041333	23340	0	0	0	23340
chr10	35131703	16421	0	0	0	16421
chr10	62664688	0	0	21025	0	21025
chr10	73148784	16922	0	0	0	16922
chr10	75095801	0	0	19950	0	19950
chr10	75988491	0	0	0	15369	15369
chr10	85902732	0	0	0	21303	21303
chr10	86181339	0	0	19388	0	19388
chr10	92337774	0	0	19499	0	19499
chr10	97004015	0	0	20143	0	20143
chr10	119277944	0	0	22431	0	22431
chr10	122272140	0	0	21082	0	21082
chr10	123494840	0	35	0	21131	21166
chr11	9060299	0	22239	0	0	22239
chr11	12452833	0	20396	0	0	20396
chr11	16448684	0	16474	0	0	16474
chr11	17742288	0	0	14685	0	14685
chr11	28675735	0	0	0	19952	19952
chr11	34495982	0	0	21011	0	21011
chr11	36153821	0	0	20886	0	20886
chr11	61104592	0	21119	0	0	21119
chr11	72657766	0	20946	0	0	20946
chr11	75204789	0	20595	0	0	20595
chr11	79345466	0	0	19185	0	19185
chr11	82358771	11177	0	0	40	11217
chr11	82841162	0	14187	0	0	14187
chr11	88806002	0	13204	0	0	13204
chr11	95109864	0	0	21844	0	21844
chr11	99206570	0	0	19392	0	19392
chr11	99568787	0	0	15972	0	15972
chr11	103703043	0	0	20256	0	20256
chr11	115715728	0	19791	0	0	19791
chr11	116870374	1	20376	0	0	20377
chr11	131690353	0	21699	0	46	21745
chr11	132079459	0	22281	0	97	22378
chr12	5493483	0	22174	0	0	22174
chr12	21601728	0	0	0	21273	21273
chr12	25160011	0	12782	0	0	12782
chr12	26645129	0	0	0	21164	21164
chr12	26782362	8199	0	0	0	8199
chr12	52079237	0	0	19696	0	19696
chr12	52595717	0	0	20746	0	20746
chr12	66032460	0	0	19812	0	19812
chr12	71128007	0	17108	0	0	17108
chr12	71328041	0	0	20374	0	20374
chr12	75146865	0	17150	0	0	17150
chr12	79117379	0	18634	0	0	18634
chr12	80593442	80	17877	0	0	17957
chr12	82519695	0	0	15170	0	15170
chr12	95214749	0	14644	0	0	14644
chr12	98291006	0	16191	0	0	16191
chr12	106685795	0	20500	0	0	20500
chr12	109763696	0	0	0	21004	21004
chr12	125618357	0	20677	0	0	20677
chr12	131030749	0	0	21495	0	21495
chr12	132023655	7099	0	0	0	7099
chr13	29381512	0	0	17719	0	17719
chr13	42036116	0	0	15300	0	15300
chr13	42240684	17052	0	0	0	17052
chr13	60142103	0	20124	0	0	20124
chr13	60439471	0	0	0	17919	17919
chr13	77138657	0	17877	0	0	17877
chr13	85373372	0	10561	0	0	10561
chr13	85427587	0	90	0	19839	19929
chr13	97288391	19024	0	0	0	19024
chr13	101324295	0	0	14179	0	14179
chr13	101837563	0	0	17705	0	17705
chr13	101854619	0	0	18671	0	18671
chr13	101932175	0	0	0	19954	19954
chr13	107545694	0	0	21977	0	21977
chr13	107614443	0	16184	0	0	16184
chr13	114254603	0	0	13133	0	13133
chr14	27096948	0	0	0	16298	16298
chr14	29794017	17236	0	0	0	17236
chr14	33560608	0	0	19965	0	19965
chr14	38902618	0	0	21511	0	21511
chr14	41647219	19886	0	0	0	19886
chr14	58866458	0	22934	0	0	22934
chr14	67543343	0	0	19021	0	19021
chr14	71596357	0	20321	0	0	20321
chr14	72043618	0	0	0	19723	19723
chr14	72792911	0	8690	0	0	8690
chr14	75696887	12275	0	0	0	12275
chr14	76153957	0	84	0	19555	19639
chr14	96345093	8759	0	0	0	8759
chr14	99815806	0	0	21802	0	21802
chr14	101772091	0	16393	0	0	16393
chr15	26642237	0	0	17158	0	17158
chr15	27163093	0	0	19997	0	19997
chr15	27350630	0	0	18998	0	18998
chr15	27791772	0	17127	0	0	17127
chr15	31581854	0	19819	0	0	19819
chr15	39607771	0	0	14950	0	14950
chr15	39799601	0	20828	0	0	20828
chr15	44013678	0	17348	0	0	17348
chr15	51102786	1	23435	0	0	23436
chr15	52760851	0	0	18568	0	18568
chr15	65333274	0	18118	0	0	18118
chr15	79042520	0	20793	0	0	20793
chr15	80115575	20452	0	0	0	20452
chr15	92613399	16491	0	0	0	16491
chr15	100716908	0	21697	0	0	21697
chr15	100814131	0	0	21048	0	21048
chr16	149567	0	0	21521	0	21521
chr16	6034615	0	0	0	17292	17292
chr16	6379558	31	0	16153	0	16184
chr16	6438926	0	0	20877	0	20877
chr16	6457927	0	13729	0	0	13729
chr16	6539222	0	0	18858	0	18858
chr16	9910458	8676	0	0	0	8676
chr16	19458933	0	0	20941	0	20941
chr16	20911700	16714	0	0	0	16714
chr16	23413206	0	0	19164	0	19164
chr16	27853798	0	19546	0	0	19546
chr16	52568377	0	0	17284	0	17284
chr16	55329190	0	10506	0	0	10506
chr16	57370498	0	0	14484	0	14484
chr16	58189462	0	21894	0	0	21894
chr16	66398998	21207	0	0	0	21207
chr16	68840239	0	20412	0	0	20412
chr16	73386067	17077	0	0	0	17077
chr16	87938481	0	0	23783	0	23783
chr17	5834703	0	21793	0	0	21793
chr17	5866063	0	0	21709	0	21709
chr17	7673802	0	21732	0	0	21732
chr17	12621615	0	0	0	17995	17995
chr17	28808409	22529	0	0	0	22529
chr17	31301370	0	0	17440	0	17440
chr17	33287817	0	0	21886	0	21886
chr17	41579989	0	20045	0	0	20045
chr17	51067636	0	0	18657	0	18657
chr17	53823345	0	0	19248	0	19248
chr17	60663388	0	23024	0	0	23024
chr17	64544026	21259	0	0	0	21259
chr17	70179283	0	0	15946	0	15946
chr17	78362732	0	18010	0	0	18010
chr18	2067928	0	0	21496	0	21496
chr18	4193999	0	0	0	14754	14754
chr18	7579277	20026	0	0	0	20026
chr18	7731753	0	21599	0	0	21599
chr18	27125186	0	0	12403	0	12403
chr18	27479420	0	0	0	8919	8919
chr18	28792727	0	0	14238	0	14238
chr18	32968807	12981	0	0	0	12981
chr18	35001085	0	14188	0	0	14188
chr18	36458917	0	18334	0	0	18334
chr18	44779472	21293	0	0	0	21293
chr18	48391046	0	22014	0	0	22014
chr18	50593212	39	0	22106	0	22145
chr18	53105846	0	20087	0	0	20087
chr18	53122862	0	22349	0	0	22349
chr18	58968498	0	0	0	21612	21612
chr18	62527782	0	0	17434	16	17450
chr18	67860350	0	0	21341	0	21341
chr18	69764027	0	22106	0	106	22212
chr18	69785965	0	0	18314	0	18314
chr18	74666478	0	0	22261	0	22261
chr18	75019013	0	16987	0	0	16987
chr19	1093607	0	0	13989	0	13989
chr19	3425123	20915	0	0	0	20915
chr19	15666453	0	0	18938	0	18938
chr19	16694405	15979	0	0	0	15979
chr19	29509553	0	0	21764	0	21764
chr19	30323707	23396	0	0	0	23396
chr19	30530988	0	20907	0	0	20907
chr19	32773283	0	22363	0	0	22363
chr19	38932504	18268	0	0	0	18268
chr19	44782374	0	0	18684	0	18684
chr19	50881682	0	0	17588	0	17588
chr19	55915778	0	17740	0	0	17740
chr2	1154701	0	0	19577	0	19577
chr2	1742960	0	0	0	18485	18485
chr2	10406468	0	20626	0	0	20626
chr2	15329122	0	0	0	19726	19726
chr2	25241701	21719	0	0	0	21719
chr2	25251367	0	13885	0	0	13885
chr2	26629585	0	0	21126	0	21126
chr2	37697692	0	16832	0	0	16832
chr2	45322516	0	21387	0	0	21387
chr2	45439862	0	0	0	18976	18976
chr2	54770891	0	0	0	21103	21103
chr2	71567135	0	0	0	21451	21451
chr2	98389058	98	0	21864	0	21962
chr2	102143159	17495	0	0	0	17495
chr2	114707074	0	0	22957	0	22957
chr2	127665413	0	0	0	21006	21006
chr2	132582239	0	0	18748	0	18748
chr2	133060545	0	0	19455	0	19455
chr2	144917388	0	0	0	21576	21576
chr2	145061824	20500	0	0	0	20500
chr2	162615022	0	0	14510	0	14510
chr2	173947911	0	99	0	21163	21262
chr2	235924482	0	0	21318	0	21318
chr2	238869095	21315	0	0	0	21315
chr20	83125	0	0	21624	0	21624
chr20	2689922	0	0	0	20242	20242
chr20	14300230	0	0	21297	0	21297
chr20	15897758	12652	0	0	0	12652
chr20	17433203	112	0	20392	0	20504
chr20	17438999	0	80	0	21369	21449
chr20	31388798	0	21368	0	0	21368
chr20	33644524	0	0	20644	0	20644
chr20	37048246	0	0	0	23423	23423
chr20	42445112	0	21799	0	0	21799
chr20	43031232	0	0	22371	0	22371
chr20	46027033	0	21577	0	0	21577
chr20	46176605	0	17593	0	0	17593
chr20	53088002	0	21972	0	0	21972
chr20	57180459	0	0	14953	0	14953
chr21	15618094	0	0	20345	0	20345
chr21	19343639	0	0	9326	0	9326
chr21	24442239	0	0	0	20059	20059
chr21	25136440	0	0	0	20589	20589
chr21	27426571	0	0	0	16164	16164
chr21	32105632	0	0	20400	0	20400
chr21	32724635	0	0	8061	0	8061
chr21	33343100	0	0	0	20774	20774
chr22	19671429	0	9900	0	9305	19205
chr22	23146941	0	21972	0	0	21972
chr22	32446726	21746	0	19	0	21765
chr22	34025088	0	0	23210	0	23210
chr22	34067533	0	0	0	21530	21530
chr22	36632626	0	0	0	17877	17877
chr22	39588782	0	0	20128	0	20128
chr22	39763307	0	0	19215	0	19215
chr22	50177619	0	20089	0	0	20089
chr22	50704303	0	0	19409	0	19409
chr3	10285215	0	23643	0	0	23643
chr3	11791441	0	0	0	22024	22024
chr3	19237681	20521	0	0	0	20521
chr3	21693754	11514	0	0	0	11514
chr3	37310467	0	0	17720	0	17720
chr3	38284916	0	0	22701	0	22701
chr3	44363269	0	0	18753	0	18753
chr3	44952729	0	21642	0	0	21642
chr3	79767152	0	0	20117	0	20117
chr3	107382386	21590	0	0	0	21590
chr3	113155227	0	0	0	14718	14718
chr3	116085338	0	20194	0	0	20194
chr3	116726256	0	21194	0	0	21194
chr3	117543855	0	20486	0	0	20486
chr3	124684464	0	20344	0	99	20443
chr3	140454496	0	19978	0	0	19978
chr3	156415939	0	21987	0	0	21987
chr3	156497298	0	0	21839	0	21839
chr3	177567328	0	0	0	19526	19526
chr3	192811966	0	19704	0	0	19704
chr4	6459102	0	22947	0	0	22947
chr4	20521698	0	21437	0	98	21535
chr4	39368569	0	0	0	20494	20494
chr4	40516043	0	16533	0	0	16533
chr4	41632702	0	21834	0	0	21834
chr4	46041809	0	22044	0	0	22044
chr4	54028492	0	0	0	19368	19368
chr4	61227827	21647	0	0	0	21647
chr4	68105471	0	0	0	20555	20555
chr4	94932782	0	0	16049	0	16049
chr4	105275204	0	22115	0	0	22115
chr4	117369082	0	9874	0	0	9874
chr4	118029843	0	0	0	15335	15335
chr4	136882056	0	0	20781	0	20781
chr4	139722579	18978	0	100	0	19078
chr4	171825435	0	109	0	19697	19806
chr4	173533424	0	0	0	20877	20877
chr4	177840335	0	0	19710	0	19710
chr5	7122445	110	0	21947	0	22057
chr5	7476150	0	0	16316	0	16316
chr5	9516855	0	0	21728	0	21728
chr5	16081001	21525	0	0	0	21525
chr5	16799180	0	0	20375	0	20375
chr5	26395126	8462	0	0	0	8462
chr5	27027008	0	16415	0	0	16415
chr5	35909655	0	0	20807	0	20807
chr5	42858784	0	20436	0	0	20436
chr5	45580010	0	0	20727	0	20727
chr5	60597295	15112	0	0	0	15112
chr5	61368607	0	0	80	20771	20851
chr5	73282578	0	0	22152	0	22152
chr5	80425361	21517	0	0	0	21517
chr5	83179950	91	0	19113	0	19204
chr5	111118182	0	115	0	22409	22524
chr5	114477338	0	0	15417	0	15417
chr5	126355471	0	0	20528	0	20528
chr5	132280512	0	0	20958	0	20958
chr5	137139894	0	20132	0	0	20132
chr5	149136585	0	20518	0	0	20518
chr5	156450715	14755	0	0	0	14755
chr5	162070088	0	0	0	10480	10480
chr5	167685565	0	0	20844	0	20844
chr5	178981641	1	0	21048	0	21049
chr6	39208712	20541	0	0	0	20541
chr6	42424894	0	0	0	20727	20727
chr6	50745106	0	0	21115	0	21115
chr6	54921023	17303	0	0	0	17303
chr6	56164611	0	0	0	16575	16575
chr6	72823822	20529	0	0	0	20529
chr6	97926608	0	18882	0	71	18953
chr6	123214387	13447	0	0	0	13447
chr6	128525222	0	22277	0	0	22277
chr6	128939397	0	0	0	16609	16609
chr6	148505123	0	0	22710	0	22710
chr6	150236254	0	0	19745	0	19745
chr6	151284044	0	0	21339	0	21339
chr6	156879739	19834	0	0	0	19834
chr6	166098026	93	0	0	18353	18446
chr6	169541880	0	0	0	8373	8373
chr7	3324741	0	0	18928	0	18928
chr7	3517174	0	0	22498	0	22498
chr7	3884930	0	21554	0	0	21554
chr7	3989636	0	21676	0	0	21676
chr7	18892701	17898	0	0	0	17898
chr7	21816505	0	20968	0	97	21065
chr7	27108877	0	0	14053	0	14053
chr7	37213242	0	0	20681	0	20681
chr7	42022250	0	21903	2	0	21905
chr7	44239171	0	0	18353	0	18353
chr7	44291059	0	0	0	21263	21263
chr7	55157734	0	21618	0	0	21618
chr7	89114094	0	9464	0	0	9464
chr7	102898017	0	0	15436	0	15436
chr7	114443108	31	0	20571	0	20602
chr7	123612453	0	15679	0	0	15679
chr7	129058902	0	19577	0	0	19577
chr7	134248169	0	0	21284	0	21284
chr7	134802240	0	0	15230	0	15230
chr7	137819873	0	21476	0	0	21476
chr7	148810344	106	0	0	21945	22051
chr7	148811627	0	23187	0	0	23187
chr7	158031014	0	21909	0	0	21909
chr8	3088430	19402	0	0	0	19402
chr8	3172437	0	0	20846	0	20846
chr8	3245358	0	0	22010	0	22010
chr8	3257804	0	0	21205	0	21205
chr8	3721952	0	0	20520	0	20520
chr8	18185701	0	0	0	12118	12118
chr8	25483968	0	0	10419	0	10419
chr8	27305102	0	0	21290	0	21290
chr8	28027962	6831	0	0	0	6831
chr8	35683818	0	0	0	22115	22115
chr8	41850923	0	0	21738	0	21738
chr8	50190656	0	0	0	17737	17737
chr8	65633841	0	0	19365	0	19365
chr8	66708097	0	0	13568	0	13568
chr8	68756692	0	0	7672	0	7672
chr8	85129252	0	0	0	18912	18912
chr8	87069790	20110	0	0	0	20110
chr8	91086921	0	0	17621	0	17621
chr8	100219126	0	0	21478	0	21478
chr8	113312898	0	0	12656	0	12656
chr8	113401478	0	17172	0	0	17172
chr8	119785904	15189	0	0	0	15189
chr8	139698313	0	20619	0	0	20619
chr9	4597502	0	0	17042	0	17042
chr9	9252386	1	0	19025	0	19026
chr9	9555526	21093	0	0	0	21093
chr9	19721212	0	17387	0	0	17387
chr9	21971029	0	15544	0	0	15544
chr9	101640362	0	22075	0	0	22075
chr9	106598206	0	0	0	18441	18441
chr9	109501997	21582	0	0	0	21582
chr9	112266538	0	0	0	18626	18626
chr9	128395001	0	0	21421	0	21421
chr9	134415169	17469	0	0	0	17469
chrX	11637021	0	0	5661	0	5661
chrX	12288772	0	0	11639	0	11639
chrX	15835476	0	0	10790	0	10790
chrX	17845322	0	11590	0	0	11590
chrX	29747945	0	0	9173	0	9173
chrX	32848180	0	0	11648	0	11648
chrX	45849345	0	10506	0	0	10506
chrX	72128810	0	0	11477	0	11477
chrX	104593414	89	0	10146	0	10235
chrX	105678895	0	6942	0	0	6942
chrX	105841353	0	0	10692	0	10692
chrX	108305108	0	11173	0	0	11173
chrX	109378360	0	0	11153	0	11153
chrX	109621230	11593	0	0	0	11593
chrX	132489973	0	6976	0	0	6976
chrX	133881186	0	11330	0	0	11330
chrX	154938339	0	0	10583	0	10583
