#CHR	POS	Count_A	Count_C	Count_G	Count_T	Good_depth
chr1	4551169	0	0	238	0	238
chr1	8653318	0	0	0	97	97
chr1	20167322	0	0	415	0	415
chr1	33876265	547	0	0	0	547
chr1	42703955	0	0	723	0	723
chr1	44078273	0	340	0	0	340
chr1	49227014	0	383	0	0	383
chr1	51946640	0	541	0	0	541
chr1	57542637	0	166	0	0	166
chr1	59993665	308	0	0	0	308
chr1	63244456	0	238	0	0	238
chr1	75159281	0	661	0	0	661
chr1	77123422	0	120	0	0	120
chr1	80630555	288	0	0	0	288
chr1	85803894	0	426	0	0	426
chr1	103052013	0	0	0	476	476
chr1	109601275	0	251	0	0	251
chr1	115030755	0	683	0	0	683
chr1	117113739	0	0	278	0	278
chr1	175508637	0	537	0	0	537
chr1	184629144	0	0	378	0	378
chr1	184975298	0	362	0	0	362
chr1	197482223	0	0	124	0	124
chr1	200151609	0	0	0	223	223
chr1	229465351	0	368	0	0	368
chr10	5858380	0	0	0	437	437
chr10	14586207	0	690	0	0	690
chr10	22211104	0	0	315	0	315
chr10	25270158	0	0	0	300	300
chr10	27082826	0	0	0	189	189
chr10	30041333	582	0	0	0	582
chr10	35131703	251	0	0	0	251
chr10	62664688	0	0	414	0	414
chr10	73148784	297	0	0	0	297
chr10	75095801	0	0	517	0	517
chr10	75988491	0	0	0	498	498
chr10	85902732	0	0	0	395	395
chr10	86181339	0	0	209	0	209
chr10	92337774	0	0	824	0	824
chr10	97004015	0	0	156	0	156
chr10	119277944	0	0	635	0	635
chr10	122272140	0	0	400	0	400
chr10	123494840	0	0	0	319	319
chr11	9060299	0	573	0	0	573
chr11	12452833	0	512	0	0	512
chr11	16448684	0	363	0	0	363
chr11	17742288	0	0	567	0	567
chr11	28675735	0	0	0	220	220
chr11	34495982	0	0	663	0	663
chr11	36153821	0	0	640	0	640
chr11	61104592	0	349	0	0	349
chr11	72657766	0	580	0	0	580
chr11	75204789	0	423	0	0	423
chr11	79345466	0	0	344	0	344
chr11	82358771	115	0	0	0	115
chr11	82841162	0	343	0	0	343
chr11	88806002	0	51	0	0	51
chr11	95109864	0	0	326	0	326
chr11	99206570	0	0	436	0	436
chr11	99568787	0	0	346	0	346
chr11	103703043	0	0	282	0	282
chr11	115715728	0	394	0	0	394
chr11	116870374	0	275	0	0	275
chr11	131690353	0	915	0	0	915
chr11	132079459	0	362	0	0	362
chr12	5493483	0	658	0	0	658
chr12	21601728	0	0	0	418	418
chr12	25160011	0	182	0	0	182
chr12	26645129	0	0	0	317	317
chr12	26782362	104	0	0	0	104
chr12	52079237	0	0	172	0	172
chr12	52595717	0	0	441	0	441
chr12	66032460	0	0	295	0	295
chr12	71128007	0	314	0	0	314
chr12	71328041	0	0	336	0	336
chr12	75146865	0	227	0	0	227
chr12	79117379	0	561	0	0	561
chr12	80593442	0	234	0	0	234
chr12	82519695	0	0	151	0	151
chr12	95214749	0	228	0	0	228
chr12	98291006	0	196	0	0	196
chr12	106685795	0	364	0	0	364
chr12	109763696	0	0	0	211	211
chr12	125618357	0	564	0	0	564
chr12	131030749	0	0	366	0	366
chr12	132023655	90	0	0	0	90
chr13	29381512	0	0	184	0	184
chr13	42036116	0	0	196	0	196
chr13	42240684	216	0	0	0	216
chr13	60142103	0	493	0	0	493
chr13	60439471	0	0	0	166	166
chr13	77138657	0	245	0	0	245
chr13	85373372	0	111	0	0	111
chr13	85427587	0	0	0	276	276
chr13	97288391	367	0	0	0	367
chr13	101324295	0	0	164	0	164
chr13	101837563	0	0	169	0	169
chr13	101854619	0	0	236	0	236
chr13	101932175	0	0	0	342	342
chr13	107545694	0	0	589	0	589
chr13	107614443	0	302	0	0	302
chr13	114254603	0	0	72	0	72
chr14	27096948	0	0	0	100	100
chr14	29794017	196	0	0	0	196
chr14	33560608	0	0	394	0	394
chr14	38902618	0	0	695	0	695
chr14	41647219	748	0	0	0	748
chr14	58866458	0	902	0	0	902
chr14	67543343	0	0	154	0	154
chr14	71596357	0	322	0	0	322
chr14	72043618	0	0	0	370	370
chr14	72792911	0	57	0	0	57
chr14	75696887	118	0	0	0	118
chr14	76153957	0	0	0	212	212
chr14	96345093	109	0	0	0	109
chr14	99815806	0	0	814	0	814
chr14	101772091	0	233	0	0	233
chr15	26642237	0	0	289	0	289
chr15	27163093	0	0	808	0	808
chr15	27350630	0	0	335	0	335
chr15	27791772	0	208	0	0	208
chr15	31581854	0	262	0	0	262
chr15	39607771	0	0	106	0	106
chr15	39799601	0	344	0	0	344
chr15	44013678	0	401	0	0	401
chr15	51102786	0	628	0	0	628
chr15	52760851	0	0	394	0	394
chr15	65333274	0	146	0	0	146
chr15	79042520	0	263	0	0	263
chr15	80115575	514	0	0	0	514
chr15	92613399	99	0	0	0	99
chr15	100716908	0	568	0	0	568
chr15	100814131	0	0	354	0	354
chr16	149567	0	0	342	0	342
chr16	6034615	0	0	0	229	229
chr16	6379558	0	0	522	0	522
chr16	6438926	0	0	400	0	400
chr16	6457927	0	109	0	0	109
chr16	6539222	0	0	235	0	235
chr16	9910458	54	0	0	0	54
chr16	19458933	0	0	446	0	446
chr16	20911700	346	0	0	0	346
chr16	23413206	0	0	437	0	437
chr16	27853798	0	221	0	0	221
chr16	52568377	0	0	316	0	316
chr16	55329190	0	16	0	0	16
chr16	57370498	0	0	321	0	321
chr16	58189462	0	852	0	0	852
chr16	66398998	413	0	0	0	413
chr16	68840239	0	350	0	0	350
chr16	73386067	314	0	0	0	314
chr16	87938481	0	0	299	0	299
chr17	5834703	0	724	0	0	724
chr17	5866063	0	0	712	0	712
chr17	7673802	0	1735	0	0	1735
chr17	12621615	0	0	0	1331	1331
chr17	28808409	533	0	0	0	533
chr17	31301370	0	0	262	0	262
chr17	33287817	0	0	496	0	496
chr17	41579989	0	438	0	0	438
chr17	51067636	0	0	543	0	543
chr17	53823345	0	0	396	0	396
chr17	60663388	0	2768	0	0	2768
chr17	64544026	384	0	0	0	384
chr17	70179283	0	0	237	0	237
chr17	78362732	0	118	0	0	118
chr18	2067928	0	0	471	0	471
chr18	4193999	0	0	0	257	257
chr18	7579277	193	0	0	0	193
chr18	7731753	0	682	0	0	682
chr18	27125186	0	0	168	0	168
chr18	27479420	0	0	0	75	75
chr18	28792727	0	0	639	0	639
chr18	32968807	91	0	0	0	91
chr18	35001085	0	124	0	0	124
chr18	36458917	0	356	0	0	356
chr18	44779472	545	0	0	0	545
chr18	48391046	0	653	0	0	653
chr18	50593212	0	0	635	0	635
chr18	53105846	0	525	0	0	525
chr18	53122862	0	556	0	0	556
chr18	58968498	0	0	0	229	229
chr18	62527782	0	0	109	0	109
chr18	67860350	0	0	481	0	481
chr18	69764027	0	539	0	0	539
chr18	69785965	0	0	480	0	480
chr18	74666478	0	0	564	0	564
chr18	75019013	0	365	0	0	365
chr19	1093607	0	0	114	0	114
chr19	3425123	300	0	0	0	300
chr19	15666453	0	0	342	0	342
chr19	16694405	287	0	0	0	287
chr19	29509553	0	0	1307	0	1307
chr19	30323707	616	0	0	0	616
chr19	30530988	0	386	0	0	386
chr19	32773283	0	493	0	0	493
chr19	38932504	231	0	0	0	231
chr19	44782374	0	0	542	0	542
chr19	50881682	0	0	246	0	246
chr19	55915778	0	284	0	0	284
chr2	1154701	0	0	463	0	463
chr2	1742960	0	0	0	228	228
chr2	10406468	0	347	0	0	347
chr2	15329122	0	0	0	218	218
chr2	25241701	1144	0	0	0	1144
chr2	25251367	0	212	0	0	212
chr2	26629585	0	0	618	0	618
chr2	37697692	0	271	0	0	271
chr2	45322516	0	503	0	0	503
chr2	45439862	0	0	0	434	434
chr2	54770891	0	0	0	426	426
chr2	71567135	0	0	0	403	403
chr2	98389058	0	0	644	0	644
chr2	102143159	806	0	0	0	806
chr2	114707074	0	0	454	0	454
chr2	127665413	0	0	0	537	537
chr2	132582239	0	0	211	0	211
chr2	133060545	0	0	407	0	407
chr2	144917388	0	0	0	884	884
chr2	145061824	350	0	0	0	350
chr2	162615022	0	0	261	0	261
chr2	173947911	0	0	0	600	600
chr2	235924482	0	0	422	0	422
chr2	238869095	604	0	0	0	604
chr20	83125	0	0	563	0	563
chr20	2689922	0	0	0	624	624
chr20	14300230	0	0	225	0	225
chr20	15897758	192	0	0	0	192
chr20	17433203	0	0	553	0	553
chr20	17438999	0	0	0	476	476
chr20	31388798	0	439	0	0	439
chr20	33644524	0	0	280	0	280
chr20	37048246	0	0	0	737	737
chr20	42445112	0	391	0	0	391
chr20	43031232	0	0	606	0	606
chr20	46027033	0	443	0	0	443
chr20	46176605	0	305	0	0	305
chr20	53088002	0	642	0	0	642
chr20	57180459	0	0	183	0	183
chr21	15618094	0	0	460	0	460
chr21	19343639	0	0	114	0	114
chr21	24442239	0	0	0	418	418
chr21	25136440	0	0	0	711	711
chr21	27426571	0	0	0	197	197
chr21	32105632	0	0	313	0	313
chr21	32724635	0	0	43	0	43
chr21	33343100	0	0	0	602	602
chr22	19671429	0	1106	0	0	1106
chr22	23146941	0	358	0	0	358
chr22	32446726	331	0	0	0	331
chr22	34025088	0	0	1210	0	1210
chr22	34067533	0	0	0	247	247
chr22	36632626	0	0	0	389	389
chr22	39588782	0	0	521	0	521
chr22	39763307	0	0	389	0	389
chr22	50177619	0	497	0	0	497
chr22	50704303	0	0	302	0	302
chr3	10285215	0	347	0	0	347
chr3	11791441	0	0	0	440	440
chr3	19237681	330	0	0	0	330
chr3	21693754	116	0	0	0	116
chr3	37310467	0	0	222	0	222
chr3	38284916	0	0	932	0	932
chr3	44363269	0	0	324	0	324
chr3	44952729	0	1071	0	0	1071
chr3	79767152	0	0	713	0	713
chr3	107382386	460	0	0	0	460
chr3	113155227	0	0	0	240	240
chr3	116085338	0	499	0	0	499
chr3	116726256	0	537	0	0	537
chr3	117543855	0	387	0	0	387
chr3	124684464	0	340	0	0	340
chr3	140454496	0	364	0	0	364
chr3	156415939	0	593	0	0	593
chr3	156497298	0	0	332	0	332
chr3	177567328	0	0	0	414	414
chr3	192811966	0	314	0	0	314
chr4	6459102	0	338	0	0	338
chr4	20521698	0	510	0	0	510
chr4	39368569	0	0	0	422	422
chr4	40516043	0	431	0	0	431
chr4	41632702	0	660	0	0	660
chr4	46041809	0	640	0	0	640
chr4	54028492	0	0	0	202	202
chr4	61227827	479	0	0	0	479
chr4	68105471	0	0	0	349	349
chr4	94932782	0	0	308	0	308
chr4	105275204	0	1576	0	0	1576
chr4	117369082	0	115	0	0	115
chr4	118029843	0	0	0	164	164
chr4	136882056	0	0	373	0	373
chr4	139722579	124	0	0	0	124
chr4	171825435	0	0	0	466	466
chr4	173533424	0	0	0	405	405
chr4	177840335	0	0	354	0	354
chr5	7122445	0	0	530	0	530
chr5	7476150	0	0	245	0	245
chr5	9516855	0	0	365	0	365
chr5	16081001	415	0	0	0	415
chr5	16799180	0	0	488	0	488
chr5	26395126	176	0	0	0	176
chr5	27027008	0	318	0	0	318
chr5	35909655	0	0	354	0	354
chr5	42858784	0	491	0	0	491
chr5	45580010	0	0	276	0	276
chr5	60597295	177	0	0	0	177
chr5	61368607	0	0	0	551	551
chr5	73282578	0	0	863	0	863
chr5	80425361	603	0	0	0	603
chr5	83179950	0	0	356	0	356
chr5	111118182	0	0	0	545	545
chr5	114477338	0	0	108	0	108
chr5	126355471	0	0	413	0	413
chr5	132280512	0	0	288	0	288
chr5	137139894	0	345	0	0	345
chr5	149136585	0	225	0	0	225
chr5	156450715	250	0	0	0	250
chr5	162070088	0	0	0	80	80
chr5	167685565	0	0	348	0	348
chr5	178981641	0	0	539	0	539
chr6	39208712	671	0	0	0	671
chr6	42424894	0	0	0	407	407
chr6	50745106	0	0	432	0	432
chr6	54921023	325	0	0	0	325
chr6	56164611	0	0	0	242	242
chr6	72823822	331	0	0	0	331
chr6	97926608	0	323	0	0	323
chr6	123214387	77	0	0	0	77
chr6	128525222	0	592	0	0	592
chr6	128939397	0	0	0	237	237
chr6	148505123	0	0	553	0	553
chr6	150236254	0	0	319	0	319
chr6	151284044	0	0	682	0	682
chr6	156879739	344	0	0	0	344
chr6	166098026	0	0	0	305	305
chr6	169541880	0	0	0	156	156
chr7	3324741	0	0	431	0	431
chr7	3517174	0	0	626	0	626
chr7	3884930	0	684	0	0	684
chr7	3989636	0	415	0	0	415
chr7	18892701	202	0	0	0	202
chr7	21816505	0	589	0	0	589
chr7	27108877	0	0	218	0	218
chr7	37213242	0	0	271	0	271
chr7	42022250	0	426	0	0	426
chr7	44239171	0	0	186	0	186
chr7	44291059	0	0	0	824	824
chr7	55157734	0	421	0	0	421
chr7	89114094	0	79	0	0	79
chr7	102898017	0	0	241	0	241
chr7	114443108	0	0	353	0	353
chr7	123612453	0	182	0	0	182
chr7	129058902	0	306	0	0	306
chr7	134248169	0	0	496	0	496
chr7	134802240	0	0	205	0	205
chr7	137819873	0	580	0	0	580
chr7	148810344	0	0	0	1043	1043
chr7	148811627	0	915	0	0	915
chr7	158031014	0	271	0	0	271
chr8	3088430	342	0	0	0	342
chr8	3172437	0	0	701	0	701
chr8	3245358	0	0	377	0	377
chr8	3257804	0	0	449	0	449
chr8	3721952	0	0	523	0	523
chr8	18185701	0	0	0	211	211
chr8	25483968	0	0	214	0	214
chr8	27305102	0	0	372	0	372
chr8	28027962	95	0	0	0	95
chr8	35683818	0	0	0	385	385
chr8	41850923	0	0	291	0	291
chr8	50190656	0	0	0	169	169
chr8	65633841	0	0	282	0	282
chr8	66708097	0	0	317	0	317
chr8	68756692	0	0	60	0	60
chr8	85129252	0	0	0	227	227
chr8	87069790	336	0	0	0	336
chr8	91086921	0	0	150	0	150
chr8	100219126	0	0	495	0	495
chr8	113312898	0	0	127	0	127
chr8	113401478	0	235	0	0	235
chr8	119785904	177	0	0	0	177
chr8	139698313	0	346	0	0	346
chr9	4597502	0	0	417	0	417
chr9	9252386	0	0	338	0	338
chr9	9555526	463	0	0	0	463
chr9	19721212	0	392	0	0	392
chr9	21971029	0	100	0	0	100
chr9	101640362	0	313	0	0	313
chr9	106598206	0	0	0	360	360
chr9	109501997	365	0	0	0	365
chr9	112266538	0	0	0	231	231
chr9	128395001	0	0	333	0	333
chr9	134415169	172	0	0	0	172
chrX	11637021	0	0	17	0	17
chrX	12288772	0	0	155	0	155
chrX	15835476	0	0	109	0	109
chrX	17845322	0	237	0	0	237
chrX	29747945	0	0	201	0	201
chrX	32848180	0	0	368	0	368
chrX	45849345	0	215	0	0	215
chrX	72128810	0	0	432	0	432
chrX	104593414	0	0	90	0	90
chrX	105678895	0	91	0	0	91
chrX	105841353	0	0	216	0	216
chrX	108305108	0	348	0	0	348
chrX	109378360	0	0	359	0	359
chrX	109621230	299	0	0	0	299
chrX	132489973	0	122	0	0	122
chrX	133881186	0	338	0	0	338
chrX	154938339	0	0	138	0	138
