#CHR	POS	Count_A	Count_C	Count_G	Count_T	Good_depth
chr1	4551169	0	0	6544	0	6544
chr1	8653318	0	0	0	4624	4624
chr1	20167322	0	0	7622	0	7622
chr1	33876265	7398	0	0	0	7398
chr1	42703955	0	0	6673	0	6673
chr1	44078273	0	5788	0	0	5788
chr1	49227014	0	6513	0	0	6513
chr1	51946640	0	6810	0	0	6810
chr1	57542637	0	6828	0	0	6828
chr1	59993665	4234	0	0	0	4234
chr1	63244456	0	5520	0	0	5520
chr1	75159281	0	6379	0	0	6379
chr1	77123422	0	5438	0	0	5438
chr1	80630555	5241	0	0	0	5241
chr1	85803894	0	4853	0	0	4853
chr1	103052013	0	0	0	5960	5960
chr1	109601275	0	6904	0	0	6904
chr1	115030755	0	6404	0	0	6404
chr1	117113739	0	0	7302	0	7302
chr1	175508637	0	7141	0	0	7141
chr1	184629144	0	0	6257	0	6257
chr1	184975298	0	7186	0	0	7186
chr1	197482223	0	0	5808	0	5808
chr1	200151609	0	0	0	5627	5627
chr1	229465351	0	6172	0	0	6172
chr10	5858380	0	0	0	6893	6893
chr10	14586207	0	7379	0	0	7379
chr10	22211104	0	0	6257	0	6257
chr10	25270158	0	0	0	5954	5954
chr10	27082826	0	0	0	4880	4880
chr10	30041333	7580	0	0	0	7580
chr10	35131703	5183	0	0	0	5183
chr10	62664688	0	0	7307	0	7307
chr10	73148784	5343	0	0	0	5343
chr10	75095801	0	0	7500	0	7500
chr10	75988491	0	0	0	4878	4878
chr10	85902732	0	0	0	6867	6867
chr10	86181339	0	0	6888	0	6888
chr10	92337774	0	0	6310	0	6310
chr10	97004015	0	0	7438	0	7438
chr10	119277944	0	0	7006	0	7006
chr10	122272140	0	0	7056	0	7056
chr10	123494840	0	0	0	7662	7662
chr11	9060299	0	7206	0	0	7206
chr11	12452833	0	6933	0	0	6933
chr11	16448684	0	4970	0	0	4970
chr11	17742288	0	0	5033	0	5033
chr11	28675735	0	0	0	6267	6267
chr11	34495982	0	0	7392	0	7392
chr11	36153821	0	0	6957	0	6957
chr11	61104592	0	7744	0	0	7744
chr11	72657766	0	7589	0	0	7589
chr11	75204789	0	7293	0	0	7293
chr11	79345466	0	0	5866	0	5866
chr11	82358771	3877	0	0	0	3877
chr11	82841162	0	6032	0	0	6032
chr11	88806002	0	4673	0	0	4673
chr11	95109864	0	0	7788	0	7788
chr11	99206570	0	0	5866	0	5866
chr11	99568787	0	0	4894	0	4894
chr11	103703043	0	0	6559	0	6559
chr11	115715728	0	6776	0	0	6776
chr11	116870374	0	6984	0	0	6984
chr11	131690353	0	7253	0	0	7253
chr11	132079459	0	6906	0	0	6906
chr12	5493483	0	7471	0	0	7471
chr12	21601728	0	0	0	6199	6199
chr12	25160011	0	4074	0	0	4074
chr12	26645129	0	0	0	7221	7221
chr12	26782362	3189	0	0	0	3189
chr12	52079237	0	0	7278	0	7278
chr12	52595717	0	0	6039	0	6039
chr12	66032460	0	0	6453	0	6453
chr12	71128007	0	5244	0	0	5244
chr12	71328041	0	0	5784	0	5784
chr12	75146865	0	5181	0	0	5181
chr12	79117379	0	5749	0	0	5749
chr12	80593442	0	5426	0	0	5426
chr12	82519695	0	0	4986	0	4986
chr12	95214749	0	4675	0	0	4675
chr12	98291006	0	5327	0	0	5327
chr12	106685795	0	6366	0	0	6366
chr12	109763696	0	0	0	7376	7376
chr12	125618357	0	6696	0	0	6696
chr12	131030749	0	0	7329	0	7329
chr12	132023655	2685	0	0	0	2685
chr13	29381512	0	0	5363	0	5363
chr13	42036116	0	0	5177	0	5177
chr13	42240684	5528	0	0	0	5528
chr13	60142103	0	6339	0	0	6339
chr13	60439471	0	0	0	5565	5565
chr13	77138657	0	5530	0	0	5530
chr13	85373372	0	4048	0	0	4048
chr13	85427587	0	0	0	5778	5778
chr13	97288391	6226	0	0	0	6226
chr13	101324295	0	0	4728	0	4728
chr13	101837563	0	0	5706	0	5706
chr13	101854619	0	0	5843	0	5843
chr13	101932175	0	0	0	6245	6245
chr13	107545694	0	0	7118	0	7118
chr13	107614443	0	5380	0	0	5380
chr13	114254603	0	0	4481	0	4481
chr14	27096948	0	0	0	5384	5384
chr14	29794017	5286	0	0	0	5286
chr14	33560608	0	0	6460	0	6460
chr14	38902618	0	0	6762	0	6762
chr14	41647219	5788	0	0	0	5788
chr14	58866458	0	7342	0	0	7342
chr14	67543343	0	0	6470	0	6470
chr14	71596357	0	6636	0	0	6636
chr14	72043618	0	0	0	6082	6082
chr14	72792911	0	3234	0	0	3234
chr14	75696887	4359	0	0	0	4359
chr14	76153957	0	0	0	6351	6351
chr14	96345093	3232	0	0	0	3232
chr14	99815806	0	0	6812	0	6812
chr14	101772091	0	5273	0	0	5273
chr15	26642237	0	0	5725	0	5725
chr15	27163093	0	0	6899	0	6899
chr15	27350630	0	0	6588	0	6588
chr15	27791772	0	6085	0	0	6085
chr15	31581854	0	6975	0	0	6975
chr15	39607771	0	0	5091	0	5091
chr15	39799601	0	7251	0	0	7251
chr15	44013678	0	5322	0	0	5322
chr15	51102786	0	7584	0	0	7584
chr15	52760851	0	0	6198	0	6198
chr15	65333274	0	6874	0	0	6874
chr15	79042520	0	7405	0	0	7405
chr15	80115575	6268	0	0	0	6268
chr15	92613399	5705	0	0	0	5705
chr15	100716908	0	7290	0	0	7290
chr15	100814131	0	0	6430	0	6430
chr16	149567	0	0	6713	0	6713
chr16	6034615	0	0	0	5981	5981
chr16	6379558	0	0	5488	0	5488
chr16	6438926	0	0	6601	0	6601
chr16	6457927	0	4068	0	0	4068
chr16	6539222	0	0	5843	0	5843
chr16	9910458	3013	0	0	0	3013
chr16	19458933	0	0	6596	0	6596
chr16	20911700	5704	0	0	0	5704
chr16	23413206	0	0	6192	0	6192
chr16	27853798	0	7005	0	0	7005
chr16	52568377	0	0	5657	0	5657
chr16	55329190	0	4287	0	0	4287
chr16	57370498	0	0	5089	0	5089
chr16	58189462	0	7041	0	0	7041
chr16	66398998	6935	0	0	0	6935
chr16	68840239	0	7267	0	0	7267
chr16	73386067	5449	0	0	0	5449
chr16	87938481	0	0	7372	0	7372
chr17	5834703	0	6373	0	0	6373
chr17	5866063	0	0	6774	0	6774
chr17	7673802	0	7413	0	0	7413
chr17	12621615	0	0	0	5073	5073
chr17	28808409	6992	0	0	0	6992
chr17	31301370	0	0	5689	0	5689
chr17	33287817	0	0	7532	0	7532
chr17	41579989	0	7362	0	0	7362
chr17	51067636	0	0	5777	0	5777
chr17	53823345	0	0	6915	0	6915
chr17	60663388	0	7300	0	0	7300
chr17	64544026	6700	0	0	0	6700
chr17	70179283	0	0	5071	0	5071
chr17	78362732	0	6183	0	0	6183
chr18	2067928	0	0	7227	0	7227
chr18	4193999	0	0	0	4628	4628
chr18	7579277	6484	0	0	0	6484
chr18	7731753	0	6230	0	0	6230
chr18	27125186	0	0	4323	0	4323
chr18	27479420	0	0	0	3284	3284
chr18	28792727	0	0	4593	0	4593
chr18	32968807	4272	0	0	0	4272
chr18	35001085	0	5156	0	0	5156
chr18	36458917	0	5437	0	0	5437
chr18	44779472	7119	0	0	0	7119
chr18	48391046	0	7301	0	0	7301
chr18	50593212	0	0	6787	0	6787
chr18	53105846	0	6448	0	0	6448
chr18	53122862	0	6388	0	0	6388
chr18	58968498	0	0	0	7268	7268
chr18	62527782	0	0	5607	0	5607
chr18	67860350	0	0	6181	0	6181
chr18	69764027	0	6988	0	0	6988
chr18	69785965	0	0	5273	0	5273
chr18	74666478	0	0	7664	0	7664
chr18	75019013	0	5174	0	0	5174
chr19	1093607	0	0	5642	0	5642
chr19	3425123	7277	0	0	0	7277
chr19	15666453	0	0	6768	0	6768
chr19	16694405	5720	0	0	0	5720
chr19	29509553	0	0	7615	0	7615
chr19	30323707	7331	0	0	0	7331
chr19	30530988	0	7068	0	0	7068
chr19	32773283	0	6875	0	0	6875
chr19	38932504	6747	0	0	0	6747
chr19	44782374	0	0	7021	0	7021
chr19	50881682	0	0	5593	0	5593
chr19	55915778	0	6183	0	0	6183
chr2	1154701	0	0	5924	0	5924
chr2	1742960	0	0	0	6702	6702
chr2	10406468	0	7470	0	0	7470
chr2	15329122	0	0	0	6513	6513
chr2	25241701	7573	0	0	0	7573
chr2	25251367	0	5850	0	0	5850
chr2	26629585	0	0	7526	0	7526
chr2	37697692	0	5814	0	0	5814
chr2	45322516	0	7128	0	0	7128
chr2	45439862	0	0	0	6231	6231
chr2	54770891	0	0	0	7174	7174
chr2	71567135	0	0	0	7199	7199
chr2	98389058	0	0	7635	0	7635
chr2	102143159	6937	0	0	0	6937
chr2	114707074	0	0	6719	0	6719
chr2	127665413	0	0	0	7368	7368
chr2	132582239	0	0	6637	0	6637
chr2	133060545	0	0	6044	0	6044
chr2	144917388	0	0	0	6869	6869
chr2	145061824	6321	0	0	0	6321
chr2	162615022	0	0	4639	0	4639
chr2	173947911	0	0	0	6454	6454
chr2	235924482	0	0	7077	0	7077
chr2	238869095	7093	0	0	0	7093
chr20	83125	0	0	6456	0	6456
chr20	2689922	0	0	0	7313	7313
chr20	14300230	0	0	6266	0	6266
chr20	15897758	4092	0	0	0	4092
chr20	17433203	0	0	6412	0	6412
chr20	17438999	0	0	0	7572	7572
chr20	31388798	0	6964	0	0	6964
chr20	33644524	0	0	7648	0	7648
chr20	37048246	0	0	0	7218	7218
chr20	42445112	0	7013	0	0	7013
chr20	43031232	0	0	7264	0	7264
chr20	46027033	0	7402	0	0	7402
chr20	46176605	0	6723	0	0	6723
chr20	53088002	0	7030	0	0	7030
chr20	57180459	0	0	5444	0	5444
chr21	15618094	0	0	6255	0	6255
chr21	19343639	0	0	3403	0	3403
chr21	24442239	0	0	0	5405	5405
chr21	25136440	0	0	0	7076	7076
chr21	27426571	0	0	0	5058	5058
chr21	32105632	0	0	6616	0	6616
chr21	32724635	0	0	3362	0	3362
chr21	33343100	0	0	0	6780	6780
chr22	19671429	0	3453	0	3237	6690
chr22	23146941	0	7175	0	0	7175
chr22	32446726	6847	0	0	0	6847
chr22	34025088	0	0	6938	0	6938
chr22	34067533	0	0	0	7358	7358
chr22	36632626	0	0	0	6187	6187
chr22	39588782	0	0	7102	0	7102
chr22	39763307	0	0	6585	0	6585
chr22	50177619	0	6755	0	0	6755
chr22	50704303	0	0	7039	0	7039
chr3	10285215	0	7821	0	0	7821
chr3	11791441	0	0	0	7370	7370
chr3	19237681	6228	0	0	0	6228
chr3	21693754	3669	0	0	0	3669
chr3	37310467	0	0	5862	0	5862
chr3	38284916	0	0	7457	0	7457
chr3	44363269	0	0	5446	0	5446
chr3	44952729	0	7607	0	0	7607
chr3	79767152	0	0	6832	0	6832
chr3	107382386	6279	0	0	0	6279
chr3	113155227	0	0	0	4993	4993
chr3	116085338	0	6401	0	0	6401
chr3	116726256	0	6553	0	0	6553
chr3	117543855	0	5835	0	0	5835
chr3	124684464	0	6956	0	0	6956
chr3	140454496	0	6546	0	0	6546
chr3	156415939	0	7516	0	0	7516
chr3	156497298	0	0	6488	0	6488
chr3	177567328	0	0	0	6433	6433
chr3	192811966	0	6326	0	0	6326
chr4	6459102	0	7441	0	0	7441
chr4	20521698	0	6096	0	0	6096
chr4	39368569	0	0	0	6509	6509
chr4	40516043	0	6005	0	0	6005
chr4	41632702	0	7355	0	0	7355
chr4	46041809	0	5843	0	0	5843
chr4	54028492	0	0	0	5430	5430
chr4	61227827	6249	0	0	0	6249
chr4	68105471	0	0	0	5869	5869
chr4	94932782	0	0	5098	0	5098
chr4	105275204	0	7363	0	0	7363
chr4	117369082	0	4017	0	0	4017
chr4	118029843	0	0	0	4775	4775
chr4	136882056	0	0	6180	0	6180
chr4	139722579	5833	0	0	0	5833
chr4	171825435	0	0	0	6227	6227
chr4	173533424	0	0	0	7055	7055
chr4	177840335	0	0	6095	0	6095
chr5	7122445	0	0	6959	0	6959
chr5	7476150	0	0	5510	0	5510
chr5	9516855	0	0	7009	0	7009
chr5	16081001	6982	0	0	0	6982
chr5	16799180	0	0	6169	0	6169
chr5	26395126	3338	0	0	0	3338
chr5	27027008	0	4686	0	0	4686
chr5	35909655	0	0	5789	0	5789
chr5	42858784	0	6704	0	0	6704
chr5	45580010	0	0	6346	0	6346
chr5	60597295	5052	0	0	0	5052
chr5	61368607	0	0	0	6243	6243
chr5	73282578	0	0	7193	0	7193
chr5	80425361	6287	0	0	0	6287
chr5	83179950	0	0	6125	0	6125
chr5	111118182	0	0	0	6648	6648
chr5	114477338	0	0	5147	0	5147
chr5	126355471	0	0	6733	0	6733
chr5	132280512	0	0	7538	0	7538
chr5	137139894	0	6932	0	0	6932
chr5	149136585	0	7008	0	0	7008
chr5	156450715	4527	0	0	0	4527
chr5	162070088	0	0	0	3665	3665
chr5	167685565	0	0	6048	0	6048
chr5	178981641	0	0	7637	0	7637
chr6	39208712	7249	0	0	0	7249
chr6	42424894	0	0	0	6749	6749
chr6	50745106	0	0	6840	0	6840
chr6	54921023	4765	0	0	0	4765
chr6	56164611	0	0	0	5145	5145
chr6	72823822	5995	0	0	0	5995
chr6	97926608	0	5600	0	0	5600
chr6	123214387	4800	0	0	0	4800
chr6	128525222	0	7008	0	0	7008
chr6	128939397	0	0	0	5094	5094
chr6	148505123	0	0	7482	0	7482
chr6	150236254	0	0	6604	0	6604
chr6	151284044	0	0	7279	0	7279
chr6	156879739	6478	0	0	0	6478
chr6	166098026	0	0	0	6618	6618
chr6	169541880	0	0	0	3034	3034
chr7	3324741	0	0	5893	0	5893
chr7	3517174	0	0	5966	0	5966
chr7	3884930	0	7112	0	0	7112
chr7	3989636	0	7226	0	0	7226
chr7	18892701	5652	0	0	0	5652
chr7	21816505	0	6671	0	0	6671
chr7	27108877	0	0	5232	0	5232
chr7	37213242	0	0	6892	0	6892
chr7	42022250	0	6278	0	0	6278
chr7	44239171	0	0	7255	0	7255
chr7	44291059	0	0	0	7225	7225
chr7	55157734	0	7208	0	0	7208
chr7	89114094	0	3281	0	0	3281
chr7	102898017	0	0	5081	0	5081
chr7	114443108	0	0	5934	0	5934
chr7	123612453	0	5281	0	0	5281
chr7	129058902	0	5715	0	0	5715
chr7	134248169	0	0	6521	0	6521
chr7	134802240	0	0	4169	0	4169
chr7	137819873	0	6923	0	0	6923
chr7	148810344	0	0	0	7148	7148
chr7	148811627	0	7112	0	0	7112
chr7	158031014	0	6889	0	0	6889
chr8	3088430	6161	0	0	0	6161
chr8	3172437	0	0	6463	0	6463
chr8	3245358	0	0	6984	0	6984
chr8	3257804	0	0	7088	0	7088
chr8	3721952	0	0	6577	0	6577
chr8	18185701	0	0	0	3968	3968
chr8	25483968	0	0	3629	0	3629
chr8	27305102	0	0	7145	0	7145
chr8	28027962	2662	0	0	0	2662
chr8	35683818	0	0	0	6755	6755
chr8	41850923	0	0	7211	0	7211
chr8	50190656	0	0	0	5699	5699
chr8	65633841	0	0	7019	0	7019
chr8	66708097	0	0	4579	0	4579
chr8	68756692	0	0	2927	0	2927
chr8	85129252	0	0	0	5762	5762
chr8	87069790	5772	0	0	0	5772
chr8	91086921	0	0	5424	0	5424
chr8	100219126	0	0	6672	0	6672
chr8	113312898	0	0	4082	0	4082
chr8	113401478	0	4959	0	0	4959
chr8	119785904	5118	0	0	0	5118
chr8	139698313	0	7081	0	0	7081
chr9	4597502	0	0	5504	0	5504
chr9	9252386	0	0	6424	0	6424
chr9	9555526	5597	0	0	0	5597
chr9	19721212	0	5361	0	0	5361
chr9	21971029	0	6157	0	0	6157
chr9	101640362	0	6601	0	0	6601
chr9	106598206	0	0	0	5988	5988
chr9	109501997	6927	0	0	0	6927
chr9	112266538	0	0	0	5452	5452
chr9	128395001	0	0	7223	0	7223
chr9	134415169	6755	0	0	0	6755
chrX	11637021	0	0	2390	0	2390
chrX	12288772	0	0	6283	0	6283
chrX	15835476	0	0	6055	0	6055
chrX	17845322	0	6989	0	0	6989
chrX	29747945	0	0	5722	0	5722
chrX	32848180	0	0	6340	0	6340
chrX	45849345	0	6076	0	0	6076
chrX	72128810	0	0	7858	0	7858
chrX	104593414	0	0	5872	0	5872
chrX	105678895	0	3534	0	0	3534
chrX	105841353	0	0	5952	0	5952
chrX	108305108	0	6763	0	0	6763
chrX	109378360	0	0	6880	0	6880
chrX	109621230	6959	0	0	0	6959
chrX	132489973	0	5792	0	0	5792
chrX	133881186	0	6438	0	0	6438
chrX	154938339	0	0	5436	0	5436
