#CHR	POS	Count_A	Count_C	Count_G	Count_T	Good_depth
chr1	4551169	0	0	18040	0	18040
chr1	8653318	0	0	0	12781	12781
chr1	20167322	0	0	18824	0	18824
chr1	33876265	19806	0	0	0	19806
chr1	42703955	0	0	19284	0	19284
chr1	44078273	0	16911	0	0	16911
chr1	49227014	0	20553	0	0	20553
chr1	51946640	0	20614	0	0	20614
chr1	57542637	0	20062	0	0	20062
chr1	59993665	13929	0	0	0	13929
chr1	63244456	0	16953	0	0	16953
chr1	75159281	0	22355	0	0	22355
chr1	77123422	0	17104	0	0	17104
chr1	80630555	17617	0	0	0	17617
chr1	85803894	0	16984	0	0	16984
chr1	103052013	0	0	0	19638	19638
chr1	109601275	0	18633	0	0	18633
chr1	115030755	0	21624	0	0	21624
chr1	117113739	0	0	19752	0	19752
chr1	175508637	0	19778	0	0	19778
chr1	184629144	0	0	17949	0	17949
chr1	184975298	0	21332	0	0	21332
chr1	197482223	0	0	17825	0	17825
chr1	200151609	0	0	0	17929	17929
chr1	229465351	0	19141	0	0	19141
chr10	5858380	0	0	0	18979	18979
chr10	14586207	0	20064	0	0	20064
chr10	22211104	0	0	19631	0	19631
chr10	25270158	0	0	0	18601	18601
chr10	27082826	0	0	0	14853	14853
chr10	30041333	20520	0	0	0	20520
chr10	35131703	15354	0	0	0	15354
chr10	62664688	0	0	20524	0	20524
chr10	73148784	16445	0	0	0	16445
chr10	75095801	0	0	17762	0	17762
chr10	75988491	0	0	0	13835	13835
chr10	85902732	0	0	0	20557	20557
chr10	86181339	0	0	17913	0	17913
chr10	92337774	0	0	19233	0	19233
chr10	97004015	0	0	18518	0	18518
chr10	119277944	0	0	21767	0	21767
chr10	122272140	0	0	19608	0	19608
chr10	123494840	0	0	0	18283	18283
chr11	9060299	0	20731	0	0	20731
chr11	12452833	0	18620	0	0	18620
chr11	16448684	0	16416	0	0	16416
chr11	17742288	0	0	13492	0	13492
chr11	28675735	0	0	0	19032	19032
chr11	34495982	0	0	19341	0	19341
chr11	36153821	0	0	19181	0	19181
chr11	61104592	0	18709	0	0	18709
chr11	72657766	0	17889	0	0	17889
chr11	75204789	0	18191	0	0	18191
chr11	79345466	0	0	18779	0	18779
chr11	82358771	12107	0	0	0	12107
chr11	82841162	0	18140	0	0	18140
chr11	88806002	0	13430	0	0	13430
chr11	95109864	0	0	19250	0	19250
chr11	99206570	0	0	18455	0	18455
chr11	99568787	0	0	16070	0	16070
chr11	103703043	0	0	19737	0	19737
chr11	115715728	0	18368	0	0	18368
chr11	116870374	0	18886	0	0	18886
chr11	131690353	0	19440	0	0	19440
chr11	132079459	0	20870	0	0	20870
chr12	5493483	0	20834	0	0	20834
chr12	21601728	0	0	0	20380	20380
chr12	25160011	0	13569	0	0	13569
chr12	26645129	0	0	0	19098	19098
chr12	26782362	8245	0	0	0	8245
chr12	52079237	0	0	17905	0	17905
chr12	52595717	0	0	18700	0	18700
chr12	66032460	0	0	18683	0	18683
chr12	71128007	0	15989	0	0	15989
chr12	71328041	0	0	18644	0	18644
chr12	75146865	0	17326	0	0	17326
chr12	79117379	0	18500	0	0	18500
chr12	80593442	0	17861	0	0	17861
chr12	82519695	0	0	15088	0	15088
chr12	95214749	0	14247	0	0	14247
chr12	98291006	0	16532	0	0	16532
chr12	106685795	0	19757	0	0	19757
chr12	109763696	0	0	0	18353	18353
chr12	125618357	0	19417	0	0	19417
chr12	131030749	0	0	18651	0	18651
chr12	132023655	7179	0	0	0	7179
chr13	29381512	0	0	17170	0	17170
chr13	42036116	0	0	15331	0	15331
chr13	42240684	16519	0	0	0	16519
chr13	60142103	0	19308	0	0	19308
chr13	60439471	0	0	0	18068	18068
chr13	77138657	0	17134	0	0	17134
chr13	85373372	0	11824	0	0	11824
chr13	85427587	0	0	0	19370	19370
chr13	97288391	19335	0	0	0	19335
chr13	101324295	0	0	14668	0	14668
chr13	101837563	0	0	17680	0	17680
chr13	101854619	0	0	18513	0	18513
chr13	101932175	0	0	0	19686	19686
chr13	107545694	0	0	21228	0	21228
chr13	107614443	0	16327	0	0	16327
chr13	114254603	0	0	12858	0	12858
chr14	27096948	0	0	0	15900	15900
chr14	29794017	17447	0	0	0	17447
chr14	33560608	0	0	19120	0	19120
chr14	38902618	0	0	20250	0	20250
chr14	41647219	19859	0	0	0	19859
chr14	58866458	0	21218	0	0	21218
chr14	67543343	0	0	18065	0	18065
chr14	71596357	0	20961	0	0	20961
chr14	72043618	0	0	0	18172	18172
chr14	72792911	0	8819	0	0	8819
chr14	75696887	11943	0	0	0	11943
chr14	76153957	0	0	0	18356	18356
chr14	96345093	9197	0	0	0	9197
chr14	99815806	0	0	20201	0	20201
chr14	101772091	0	15579	0	0	15579
chr15	26642237	0	0	17148	0	17148
chr15	27163093	0	0	18531	0	18531
chr15	27350630	0	0	17768	0	17768
chr15	27791772	0	16945	0	0	16945
chr15	31581854	0	18831	0	0	18831
chr15	39607771	0	0	15140	0	15140
chr15	39799601	0	19324	0	0	19324
chr15	44013678	0	16926	0	0	16926
chr15	51102786	0	21298	0	0	21298
chr15	52760851	0	0	17314	0	17314
chr15	65333274	0	16221	0	0	16221
chr15	79042520	0	18589	0	0	18589
chr15	80115575	19235	0	0	0	19235
chr15	92613399	15548	0	0	0	15548
chr15	100716908	0	20467	0	0	20467
chr15	100814131	0	0	19359	0	19359
chr16	149567	0	0	19202	0	19202
chr16	6034615	0	0	0	17072	17072
chr16	6379558	0	0	16552	0	16552
chr16	6438926	0	0	19422	0	19422
chr16	6457927	0	12700	0	0	12700
chr16	6539222	0	0	17521	0	17521
chr16	9910458	7709	0	0	0	7709
chr16	19458933	0	0	20043	0	20043
chr16	20911700	16077	0	0	0	16077
chr16	23413206	0	0	17557	0	17557
chr16	27853798	0	19219	0	0	19219
chr16	52568377	0	0	16447	0	16447
chr16	55329190	0	10302	0	0	10302
chr16	57370498	0	0	13810	0	13810
chr16	58189462	0	19648	0	0	19648
chr16	66398998	19080	0	0	0	19080
chr16	68840239	0	18771	0	0	18771
chr16	73386067	16756	0	0	0	16756
chr16	87938481	0	0	22647	0	22647
chr17	5834703	0	20544	0	0	20544
chr17	5866063	0	0	20817	0	20817
chr17	7673802	0	19225	0	0	19225
chr17	12621615	0	0	0	16730	16730
chr17	28808409	21179	0	0	0	21179
chr17	31301370	0	0	17380	0	17380
chr17	33287817	0	0	20227	0	20227
chr17	41579989	0	17742	0	0	17742
chr17	51067636	0	0	18713	0	18713
chr17	53823345	0	0	20236	0	20236
chr17	60663388	0	23303	0	0	23303
chr17	64544026	19752	0	0	0	19752
chr17	70179283	0	0	16347	0	16347
chr17	78362732	0	17793	0	0	17793
chr18	2067928	0	0	20035	0	20035
chr18	4193999	0	0	0	16348	16348
chr18	7579277	19496	0	0	0	19496
chr18	7731753	0	20363	0	0	20363
chr18	27125186	0	0	13204	0	13204
chr18	27479420	0	0	0	9142	9142
chr18	28792727	0	0	13720	0	13720
chr18	32968807	13170	0	0	0	13170
chr18	35001085	0	14490	0	0	14490
chr18	36458917	1	17684	0	0	17685
chr18	44779472	19403	0	0	0	19403
chr18	48391046	0	19251	0	0	19251
chr18	50593212	0	0	21303	0	21303
chr18	53105846	0	20161	0	0	20161
chr18	53122862	0	21952	0	0	21952
chr18	58968498	0	0	0	19555	19555
chr18	62527782	0	0	16797	0	16797
chr18	67860350	0	0	20383	0	20383
chr18	69764027	0	20609	0	0	20609
chr18	69785965	0	0	18018	0	18018
chr18	74666478	0	0	20286	0	20286
chr18	75019013	0	16843	0	0	16843
chr19	1093607	0	0	13876	0	13876
chr19	3425123	17892	0	0	0	17892
chr19	15666453	0	0	16825	0	16825
chr19	16694405	16116	0	0	0	16116
chr19	29509553	0	0	19794	0	19794
chr19	30323707	21465	0	0	0	21465
chr19	30530988	0	19854	0	0	19854
chr19	32773283	0	21316	0	0	21316
chr19	38932504	16776	0	0	0	16776
chr19	44782374	0	0	16870	0	16870
chr19	50881682	0	0	16785	0	16785
chr19	55915778	0	16616	0	1	16617
chr2	1154701	0	0	17731	0	17731
chr2	1742960	0	0	0	17838	17838
chr2	10406468	0	18908	0	3	18911
chr2	15329122	0	0	0	18953	18953
chr2	25241701	19161	0	0	0	19161
chr2	25251367	0	13346	0	0	13346
chr2	26629585	0	0	18464	0	18464
chr2	37697692	0	16492	0	0	16492
chr2	45322516	0	19538	0	0	19538
chr2	45439862	0	0	0	17590	17590
chr2	54770891	0	0	0	20268	20268
chr2	71567135	0	0	0	19664	19664
chr2	98389058	0	0	20817	0	20817
chr2	102143159	16383	0	0	0	16383
chr2	114707074	0	0	21535	0	21535
chr2	127665413	0	0	0	20367	20367
chr2	132582239	0	0	18258	0	18258
chr2	133060545	0	0	20105	0	20105
chr2	144917388	0	0	0	20813	20813
chr2	145061824	20018	0	0	0	20018
chr2	162615022	0	0	14898	0	14898
chr2	173947911	0	0	0	20302	20302
chr2	235924482	0	0	19823	0	19823
chr2	238869095	20619	0	0	0	20619
chr20	83125	0	0	20699	0	20699
chr20	2689922	0	0	0	18573	18573
chr20	14300230	0	0	20255	0	20255
chr20	15897758	12831	0	0	0	12831
chr20	17433203	0	0	20416	0	20416
chr20	17438999	0	0	0	19857	19857
chr20	31388798	0	20604	0	0	20604
chr20	33644524	0	0	18527	0	18527
chr20	37048246	0	0	0	21610	21610
chr20	42445112	0	20603	0	0	20603
chr20	43031232	0	0	20600	0	20600
chr20	46027033	0	19135	0	0	19135
chr20	46176605	0	16859	0	0	16859
chr20	53088002	0	20710	0	0	20710
chr20	57180459	0	0	14350	0	14350
chr21	15618094	0	0	19587	0	19587
chr21	19343639	0	0	10281	0	10281
chr21	24442239	0	0	0	19862	19862
chr21	25136440	0	0	0	20309	20309
chr21	27426571	0	0	0	16082	16082
chr21	32105632	0	0	19447	0	19447
chr21	32724635	0	0	8758	0	8758
chr21	33343100	0	0	0	19556	19556
chr22	19671429	0	20134	0	0	20134
chr22	23146941	0	20593	0	0	20593
chr22	32446726	20089	0	0	0	20089
chr22	34025088	0	0	22194	0	22194
chr22	34067533	0	0	0	20136	20136
chr22	36632626	0	0	0	17053	17053
chr22	39588782	0	0	19487	0	19487
chr22	39763307	0	0	18072	0	18072
chr22	50177619	0	17521	0	0	17521
chr22	50704303	0	0	16097	0	16097
chr3	10285215	0	21369	0	0	21369
chr3	11791441	0	0	0	19719	19719
chr3	19237681	19377	0	0	0	19377
chr3	21693754	10908	0	0	0	10908
chr3	37310467	0	0	16428	0	16428
chr3	38284916	0	0	21297	0	21297
chr3	44363269	0	0	17708	0	17708
chr3	44952729	0	20366	0	0	20366
chr3	79767152	0	0	19821	0	19821
chr3	107382386	21403	0	0	0	21403
chr3	113155227	0	0	0	14750	14750
chr3	116085338	0	20033	0	0	20033
chr3	116726256	0	20668	0	0	20668
chr3	117543855	0	19094	0	0	19094
chr3	124684464	0	18666	0	0	18666
chr3	140454496	0	18625	0	0	18625
chr3	156415939	0	21001	0	0	21001
chr3	156497298	0	0	20822	0	20822
chr3	177567328	0	0	0	19423	19423
chr3	192811966	0	18406	0	0	18406
chr4	6459102	0	20093	0	0	20093
chr4	20521698	0	21140	0	0	21140
chr4	39368569	0	0	0	19846	19846
chr4	40516043	0	16737	0	0	16737
chr4	41632702	0	20082	1	0	20083
chr4	46041809	0	22163	0	0	22163
chr4	54028492	0	0	0	18629	18629
chr4	61227827	21386	0	0	0	21386
chr4	68105471	0	0	0	20390	20390
chr4	94932782	0	0	16186	0	16186
chr4	105275204	0	20064	0	0	20064
chr4	117369082	0	10426	0	0	10426
chr4	118029843	0	0	0	15232	15232
chr4	136882056	0	0	20026	0	20026
chr4	139722579	17991	0	0	0	17991
chr4	171825435	0	0	0	17553	17553
chr4	173533424	0	0	0	19100	19100
chr4	177840335	0	0	19389	0	19389
chr5	7122445	0	0	21244	0	21244
chr5	7476150	0	0	16358	0	16358
chr5	9516855	0	0	20861	0	20861
chr5	16081001	20761	0	0	0	20761
chr5	16799180	0	0	19490	0	19490
chr5	26395126	9531	0	0	0	9531
chr5	27027008	0	16705	0	0	16705
chr5	35909655	0	0	20203	0	20203
chr5	42858784	0	19739	0	0	19739
chr5	45580010	0	0	20472	0	20472
chr5	60597295	14945	0	0	0	14945
chr5	61368607	0	0	0	20298	20298
chr5	73282578	0	0	22300	0	22300
chr5	80425361	21695	0	0	0	21695
chr5	83179950	0	0	18755	0	18755
chr5	111118182	0	0	0	21025	21025
chr5	114477338	0	0	16125	0	16125
chr5	126355471	0	0	19003	0	19003
chr5	132280512	0	0	19272	0	19272
chr5	137139894	0	18583	0	0	18583
chr5	149136585	0	18795	0	0	18795
chr5	156450715	15628	0	0	0	15628
chr5	162070088	0	0	0	11028	11028
chr5	167685565	0	0	19768	0	19768
chr5	178981641	0	0	18768	0	18768
chr6	39208712	20264	0	0	0	20264
chr6	42424894	0	0	0	20670	20670
chr6	50745106	0	0	20070	0	20070
chr6	54921023	16889	0	0	0	16889
chr6	56164611	0	0	0	15657	15657
chr6	72823822	19292	0	0	0	19292
chr6	97926608	0	18799	0	0	18799
chr6	123214387	13167	0	0	0	13167
chr6	128525222	0	22030	0	0	22030
chr6	128939397	0	0	0	16554	16554
chr6	148505123	0	0	20412	0	20412
chr6	150236254	0	0	18241	0	18241
chr6	151284044	0	0	19201	0	19201
chr6	156879739	18964	0	0	0	18964
chr6	166098026	0	0	0	16644	16644
chr6	169541880	0	0	0	9257	9257
chr7	3324741	0	0	18211	0	18211
chr7	3517174	0	0	19945	0	19945
chr7	3884930	0	20069	0	0	20069
chr7	3989636	0	19419	0	0	19419
chr7	18892701	17396	0	0	0	17396
chr7	21816505	0	21119	0	0	21119
chr7	27108877	0	0	13156	0	13156
chr7	37213242	0	0	18623	0	18623
chr7	42022250	0	21567	0	0	21567
chr7	44239171	0	0	15767	0	15767
chr7	44291059	0	0	0	19363	19363
chr7	55157734	0	19873	0	0	19873
chr7	89114094	0	10484	0	0	10484
chr7	102898017	0	0	15999	0	15999
chr7	114443108	0	0	19668	0	19668
chr7	123612453	0	19133	0	0	19133
chr7	129058902	0	19277	0	0	19277
chr7	134248169	0	0	19881	0	19881
chr7	134802240	0	0	13138	0	13138
chr7	137819873	0	20911	0	0	20911
chr7	148810344	0	0	0	19179	19179
chr7	148811627	0	20120	0	0	20120
chr7	158031014	0	19942	0	0	19942
chr8	3088430	19486	0	0	0	19486
chr8	3172437	0	0	19993	0	19993
chr8	3245358	0	0	20798	0	20798
chr8	3257804	0	0	20282	0	20282
chr8	3721952	0	0	20087	0	20087
chr8	18185701	0	0	0	12501	12501
chr8	25483968	0	0	10563	0	10563
chr8	27305102	0	0	19280	0	19280
chr8	28027962	7815	0	0	0	7815
chr8	35683818	0	0	0	20968	20968
chr8	41850923	0	0	19713	0	19713
chr8	50190656	0	0	0	17367	17367
chr8	65633841	0	0	18461	0	18461
chr8	66708097	0	0	13359	0	13359
chr8	68756692	0	0	8439	0	8439
chr8	85129252	0	0	0	18399	18399
chr8	87069790	19281	0	0	0	19281
chr8	91086921	0	0	17198	0	17198
chr8	100219126	0	0	20391	0	20391
chr8	113312898	1	0	12991	1	12993
chr8	113401478	0	16781	0	0	16781
chr8	119785904	14292	0	0	0	14292
chr8	139698313	0	18675	0	0	18675
chr9	4597502	0	0	15657	0	15657
chr9	9252386	0	0	18531	0	18531
chr9	9555526	19561	0	0	0	19561
chr9	19721212	0	17992	0	0	17992
chr9	21971029	0	14437	0	0	14437
chr9	101640362	0	20375	0	0	20375
chr9	106598206	0	0	0	18192	18192
chr9	109501997	20218	0	0	0	20218
chr9	112266538	0	0	0	18097	18097
chr9	128395001	0	0	19686	0	19686
chr9	134415169	15630	0	0	0	15630
chrX	11637021	0	0	5854	0	5854
chrX	12288772	2	0	10850	0	10852
chrX	15835476	0	0	10920	0	10920
chrX	17845322	0	11233	0	0	11233
chrX	29747945	0	0	10787	0	10787
chrX	32848180	0	0	11436	0	11436
chrX	45849345	0	10790	0	0	10790
chrX	72128810	0	0	10251	0	10251
chrX	104593414	0	0	10069	0	10069
chrX	105678895	0	6833	0	0	6833
chrX	105841353	0	0	10467	0	10467
chrX	108305108	0	10037	0	0	10037
chrX	109378360	0	0	10766	0	10766
chrX	109621230	10822	0	0	0	10822
chrX	132489973	0	6350	0	0	6350
chrX	133881186	0	10543	0	0	10543
chrX	154938339	0	0	10154	0	10154
