#CHR	POS	Count_A	Count_C	Count_G	Count_T	Good_depth
chr1	4551169	0	0	10444	0	10444
chr1	8653318	0	0	0	6675	6675
chr1	20167322	0	0	15947	0	15947
chr1	33876265	14654	0	0	0	14654
chr1	42703955	0	0	12562	0	12562
chr1	44078273	0	10963	0	0	10963
chr1	49227014	0	16605	0	0	16605
chr1	51946640	0	16118	0	0	16118
chr1	57542637	0	12468	0	0	12468
chr1	59993665	6849	0	0	0	6849
chr1	63244456	0	9269	0	0	9269
chr1	75159281	0	15966	0	0	15966
chr1	77123422	0	8658	0	0	8658
chr1	80630555	7852	0	0	0	7852
chr1	85803894	0	8582	0	0	8582
chr1	103052013	0	0	0	12292	12292
chr1	109601275	0	9358	0	0	9358
chr1	115030755	0	12461	0	0	12461
chr1	117113739	0	0	15594	0	15594
chr1	175508637	0	17063	0	0	17063
chr1	184629144	0	0	12264	0	12264
chr1	184975298	0	14564	0	0	14564
chr1	197482223	0	0	7571	0	7571
chr1	200151609	0	0	0	8466	8466
chr1	229465351	0	10352	0	0	10352
chr10	5858380	0	0	0	12807	12807
chr10	14586207	0	15689	0	0	15689
chr10	22211104	0	0	11120	0	11120
chr10	25270158	0	0	0	10669	10669
chr10	27082826	0	0	0	7718	7718
chr10	30041333	17740	0	0	0	17740
chr10	35131703	8556	0	0	0	8556
chr10	62664688	0	0	16160	0	16160
chr10	73148784	7730	0	0	0	7730
chr10	75095801	0	0	16844	0	16844
chr10	75988491	0	0	0	10972	10972
chr10	85902732	0	0	0	14463	14463
chr10	86181339	0	0	14445	0	14445
chr10	92337774	0	0	13458	0	13458
chr10	97004015	0	0	16978	0	16978
chr10	119277944	0	0	16025	0	16025
chr10	122272140	0	0	15845	0	15845
chr10	123494840	0	0	0	17313	17313
chr11	9060299	0	16752	0	0	16752
chr11	12452833	0	16621	1	0	16622
chr11	16448684	0	9046	0	0	9046
chr11	17742288	0	0	10841	0	10841
chr11	28675735	0	0	0	11678	11678
chr11	34495982	0	0	17377	0	17377
chr11	36153821	0	0	13348	0	13348
chr11	61104592	0	17181	0	0	17181
chr11	72657766	0	17475	0	0	17475
chr11	75204789	0	15959	0	0	15959
chr11	79345466	0	0	9310	0	9310
chr11	82358771	4629	0	0	0	4629
chr11	82841162	0	10039	0	0	10039
chr11	88806002	0	4831	0	0	4831
chr11	95109864	0	0	18220	0	18220
chr11	99206570	0	0	11422	0	11422
chr11	99568787	0	0	8608	0	8608
chr11	103703043	0	0	11764	0	11764
chr11	115715728	0	13563	0	0	13563
chr11	116870374	0	14113	0	0	14113
chr11	131690353	0	18145	0	0	18145
chr11	132079459	0	13894	0	0	13894
chr12	5493483	0	17208	0	0	17208
chr12	21601728	0	0	0	13841	13841
chr12	25160011	0	4948	0	0	4948
chr12	26645129	0	0	0	13412	13412
chr12	26782362	1981	0	0	0	1981
chr12	52079237	0	0	14022	0	14022
chr12	52595717	0	0	11602	0	11602
chr12	66032460	0	0	11672	0	11672
chr12	71128007	0	8797	0	0	8797
chr12	71328041	0	0	13069	0	13069
chr12	75146865	0	9044	0	0	9044
chr12	79117379	0	14548	0	0	14548
chr12	80593442	0	8582	0	0	8582
chr12	82519695	0	0	7330	0	7330
chr12	95214749	0	6910	0	0	6910
chr12	98291006	0	7674	0	0	7674
chr12	106685795	0	12023	0	0	12023
chr12	109763696	0	0	0	14949	14949
chr12	125618357	0	15654	0	0	15654
chr12	131030749	0	0	16591	0	16591
chr12	132023655	1803	0	0	0	1803
chr13	29381512	0	0	8310	0	8310
chr13	42036116	0	0	6773	0	6773
chr13	42240684	8139	0	0	0	8139
chr13	60142103	0	11916	0	0	11916
chr13	60439471	0	0	0	9337	9337
chr13	77138657	0	8585	0	0	8585
chr13	85373372	0	4260	0	0	4260
chr13	85427587	0	0	0	10913	10913
chr13	97288391	12777	0	0	0	12777
chr13	101324295	0	0	6521	0	6521
chr13	101837563	0	0	8817	0	8817
chr13	101854619	0	0	9093	0	9093
chr13	101932175	0	0	0	14189	14189
chr13	107545694	0	0	16788	0	16788
chr13	107614443	0	7469	0	0	7469
chr13	114254603	0	0	5118	0	5118
chr14	27096948	0	0	0	7322	7322
chr14	29794017	7762	0	0	0	7762
chr14	33560608	0	0	10957	0	10957
chr14	38902618	0	0	15183	0	15183
chr14	41647219	13044	0	0	0	13044
chr14	58866458	0	18507	0	0	18507
chr14	67543343	0	0	10709	0	10709
chr14	71596357	0	11969	0	0	11969
chr14	72043618	0	0	0	9983	9983
chr14	72792911	0	2880	0	0	2880
chr14	75696887	4002	0	0	0	4002
chr14	76153957	0	0	0	10244	10244
chr14	96345093	2278	0	0	0	2278
chr14	99815806	0	0	16129	0	16129
chr14	101772091	0	8807	0	0	8807
chr15	26642237	0	0	11205	0	11205
chr15	27163093	0	0	17414	0	17414
chr15	27350630	0	0	15265	0	15265
chr15	27791772	0	6960	0	0	6960
chr15	31581854	0	12371	0	1	12372
chr15	39607771	0	0	6073	0	6073
chr15	39799601	0	15783	0	0	15783
chr15	44013678	0	9335	0	0	9335
chr15	51102786	0	17961	0	0	17961
chr15	52760851	0	0	14450	0	14450
chr15	65333274	0	13583	0	0	13583
chr15	79042520	0	14280	0	0	14280
chr15	80115575	11366	0	0	0	11366
chr15	92613399	7035	0	0	0	7035
chr15	100716908	0	16848	0	0	16848
chr15	100814131	0	0	12461	0	12461
chr16	149567	0	0	13360	0	13360
chr16	6034615	0	0	0	10623	10623
chr16	6379558	0	0	10356	0	10356
chr16	6438926	0	0	12063	0	12063
chr16	6457927	0	4070	0	0	4070
chr16	6539222	0	0	7266	0	7266
chr16	9910458	2465	0	0	0	2465
chr16	19458933	0	0	15175	0	15175
chr16	20911700	8747	0	0	0	8747
chr16	23413206	0	0	10370	0	10370
chr16	27853798	0	14768	0	0	14768
chr16	52568377	0	0	9149	0	9149
chr16	55329190	0	4246	0	0	4246
chr16	57370498	0	0	11438	0	11438
chr16	58189462	0	17351	0	0	17351
chr16	66398998	14965	0	0	0	14965
chr16	68840239	0	14242	0	0	14242
chr16	73386067	11741	0	0	0	11741
chr16	87938481	0	0	17412	0	17412
chr17	5834703	0	15857	0	0	15857
chr17	5866063	0	0	15729	0	15729
chr17	7673802	0	18899	0	0	18899
chr17	12621615	0	0	0	8863	8863
chr17	28808409	14541	0	0	0	14541
chr17	31301370	0	0	7889	0	7889
chr17	33287817	0	0	17607	0	17607
chr17	41579989	0	17730	0	0	17730
chr17	51067636	0	0	10018	0	10018
chr17	53823345	0	0	17124	0	17124
chr17	60663388	0	21198	0	0	21198
chr17	64544026	14269	0	0	0	14269
chr17	70179283	0	0	8999	0	8999
chr17	78362732	0	9720	0	0	9720
chr18	2067928	0	0	15139	0	15139
chr18	4193999	0	0	0	6316	6316
chr18	7579277	11227	0	0	0	11227
chr18	7731753	0	13976	0	0	13976
chr18	27125186	0	0	5409	0	5409
chr18	27479420	0	0	0	3470	3470
chr18	28792727	0	0	8693	0	8693
chr18	32968807	5229	0	0	0	5229
chr18	35001085	0	6187	0	0	6187
chr18	36458917	0	13484	0	0	13484
chr18	44779472	14325	0	0	0	14325
chr18	48391046	0	17983	0	0	17983
chr18	50593212	0	0	15053	0	15053
chr18	53105846	0	12581	0	0	12581
chr18	53122862	0	16679	0	0	16679
chr18	58968498	0	0	0	16399	16399
chr18	62527782	0	0	8005	0	8005
chr18	67860350	0	0	15788	0	15788
chr18	69764027	0	15227	0	0	15227
chr18	69785965	0	0	11934	0	11934
chr18	74666478	0	0	17823	0	17823
chr18	75019013	0	9571	0	0	9571
chr19	1093607	0	0	9138	0	9138
chr19	3425123	16635	0	0	0	16635
chr19	15666453	0	0	11570	0	11570
chr19	16694405	7505	0	0	0	7505
chr19	29509553	0	0	19530	0	19530
chr19	30323707	18614	0	0	0	18614
chr19	30530988	0	18372	0	0	18372
chr19	32773283	0	16319	0	0	16319
chr19	38932504	14694	0	0	0	14694
chr19	44782374	0	0	15795	0	15795
chr19	50881682	0	0	8160	0	8160
chr19	55915778	0	11880	0	0	11880
chr2	1154701	0	0	10548	0	10548
chr2	1742960	0	0	0	14494	14494
chr2	10406468	0	16081	0	0	16081
chr2	15329122	0	0	0	10959	10959
chr2	25241701	18829	0	0	0	18829
chr2	25251367	0	10873	0	0	10873
chr2	26629585	0	0	15493	0	15493
chr2	37697692	0	7909	0	0	7909
chr2	45322516	0	16722	0	0	16722
chr2	45439862	0	0	0	10473	10473
chr2	54770891	0	0	0	15314	15314
chr2	71567135	0	0	0	15366	15366
chr2	98389058	0	0	17768	0	17768
chr2	102143159	15288	0	0	0	15288
chr2	114707074	0	0	16406	0	16406
chr2	127665413	0	0	0	16222	16222
chr2	132582239	0	0	10171	0	10171
chr2	133060545	0	0	10337	0	10337
chr2	144917388	0	0	0	15487	15487
chr2	145061824	11794	0	0	0	11794
chr2	162615022	0	0	7534	0	7534
chr2	173947911	0	0	0	14160	14160
chr2	235924482	0	0	17184	0	17184
chr2	238869095	17948	0	0	0	17948
chr20	83125	0	0	15916	0	15916
chr20	2689922	0	0	0	14142	14142
chr20	14300230	0	0	12330	0	12330
chr20	15897758	5293	0	0	0	5293
chr20	17433203	0	0	12709	0	12709
chr20	17438999	0	0	0	17215	17215
chr20	31388798	0	15750	0	0	15750
chr20	33644524	0	0	17283	0	17283
chr20	37048246	0	0	0	17832	17832
chr20	42445112	0	15086	0	0	15086
chr20	43031232	0	0	17617	0	17617
chr20	46027033	0	13216	0	0	13216
chr20	46176605	0	12167	0	0	12167
chr20	53088002	0	16720	0	0	16720
chr20	57180459	0	0	12296	0	12296
chr21	15618094	0	0	12923	0	12923
chr21	19343639	0	0	3634	0	3634
chr21	24442239	0	0	0	12348	12348
chr21	25136440	0	0	0	16884	16884
chr21	27426571	0	0	0	7294	7294
chr21	32105632	0	0	13215	0	13215
chr21	32724635	0	0	2001	0	2001
chr21	33343100	0	0	0	15783	15783
chr22	19671429	0	11049	0	0	11049
chr22	23146941	0	15721	0	0	15721
chr22	32446726	13359	0	0	0	13359
chr22	34025088	0	0	18709	0	18709
chr22	34067533	0	0	0	16193	16193
chr22	36632626	0	0	0	11995	11995
chr22	39588782	0	0	15983	0	15983
chr22	39763307	0	0	10970	0	10970
chr22	50177619	0	15872	0	0	15872
chr22	50704303	0	0	15012	0	15012
chr3	10285215	0	18344	0	0	18344
chr3	11791441	0	0	0	15810	15810
chr3	19237681	12212	0	0	0	12212
chr3	21693754	4604	0	0	0	4604
chr3	37310467	0	0	8721	0	8721
chr3	38284916	0	0	16259	0	16259
chr3	44363269	0	0	11834	0	11834
chr3	44952729	0	18309	0	0	18309
chr3	79767152	0	0	16676	0	16676
chr3	107382386	14901	0	0	0	14901
chr3	113155227	0	0	0	6286	6286
chr3	116085338	0	13088	0	0	13088
chr3	116726256	0	12415	0	0	12415
chr3	117543855	0	11419	0	0	11419
chr3	124684464	0	14475	0	0	14475
chr3	140454496	0	12072	0	0	12072
chr3	156415939	0	17933	0	0	17933
chr3	156497298	0	0	15691	0	15691
chr3	177567328	0	0	0	11257	11257
chr3	192811966	0	11374	0	0	11374
chr4	6459102	0	15856	0	0	15856
chr4	20521698	0	16370	0	0	16370
chr4	39368569	0	0	0	13208	13208
chr4	40516043	0	12434	0	0	12434
chr4	41632702	0	17557	0	0	17557
chr4	46041809	0	15092	0	0	15092
chr4	54028492	0	0	0	10634	10634
chr4	61227827	14064	0	0	0	14064
chr4	68105471	0	0	0	12681	12681
chr4	94932782	0	0	7751	0	7751
chr4	105275204	0	20089	0	0	20089
chr4	117369082	0	4666	0	0	4666
chr4	118029843	0	0	0	7037	7037
chr4	136882056	0	0	12663	0	12663
chr4	139722579	10075	0	0	0	10075
chr4	171825435	0	0	0	8981	8981
chr4	173533424	0	0	0	15657	15657
chr4	177840335	0	0	10939	0	10939
chr5	7122445	0	0	16799	0	16799
chr5	7476150	0	0	8286	0	8286
chr5	9516855	0	0	15151	0	15151
chr5	16081001	15839	0	0	0	15839
chr5	16799180	0	0	12223	0	12223
chr5	26395126	3922	0	0	0	3922
chr5	27027008	0	7778	0	0	7778
chr5	35909655	0	0	13249	0	13249
chr5	42858784	0	12945	0	0	12945
chr5	45580010	0	0	12867	0	12867
chr5	60597295	6132	0	0	0	6132
chr5	61368607	0	0	0	13053	13053
chr5	73282578	0	0	18421	0	18421
chr5	80425361	14139	0	0	0	14139
chr5	83179950	0	0	9989	0	9989
chr5	111118182	0	0	0	14995	14995
chr5	114477338	0	0	7042	0	7042
chr5	126355471	0	0	12800	0	12800
chr5	132280512	0	0	18089	0	18089
chr5	137139894	0	13572	0	0	13572
chr5	149136585	0	11744	0	0	11744
chr5	156450715	6633	0	0	0	6633
chr5	162070088	0	0	0	3954	3954
chr5	167685565	0	0	12982	0	12982
chr5	178981641	0	0	17684	0	17684
chr6	39208712	16881	0	0	0	16881
chr6	42424894	0	0	0	13809	13809
chr6	50745106	0	0	16074	0	16074
chr6	54921023	11265	0	0	0	11265
chr6	56164611	0	0	0	8575	8575
chr6	72823822	12694	0	0	0	12694
chr6	97926608	0	11187	0	0	11187
chr6	123214387	4610	0	0	0	4610
chr6	128525222	0	16573	0	0	16573
chr6	128939397	0	0	0	7506	7506
chr6	148505123	0	0	18408	0	18408
chr6	150236254	0	0	12114	0	12114
chr6	151284044	0	0	16855	0	16855
chr6	156879739	11250	0	0	0	11250
chr6	166098026	0	0	0	13382	13382
chr6	169541880	0	0	0	3141	3141
chr7	3324741	0	0	9127	0	9127
chr7	3517174	0	0	13831	0	13831
chr7	3884930	0	18056	0	0	18056
chr7	3989636	0	16533	0	0	16533
chr7	18892701	10252	0	0	0	10252
chr7	21816505	0	13781	0	0	13781
chr7	27108877	0	0	9138	0	9138
chr7	37213242	0	0	11545	0	11545
chr7	42022250	0	16096	0	0	16096
chr7	44239171	0	0	15226	0	15226
chr7	44291059	0	0	0	14933	14933
chr7	55157734	0	16272	0	0	16272
chr7	89114094	0	4504	0	0	4504
chr7	102898017	0	0	6831	0	6831
chr7	114443108	0	0	11934	0	11934
chr7	123612453	0	7108	0	0	7108
chr7	129058902	0	9580	0	0	9580
chr7	134248169	0	0	15664	0	15664
chr7	134802240	0	0	6815	0	6815
chr7	137819873	0	14768	0	0	14768
chr7	148810344	0	0	0	19017	19017
chr7	148811627	0	18157	0	0	18157
chr7	158031014	0	15229	0	0	15229
chr8	3088430	12604	0	0	0	12604
chr8	3172437	0	0	15167	0	15167
chr8	3245358	0	0	16659	0	16659
chr8	3257804	0	0	17175	0	17175
chr8	3721952	1	0	15886	0	15887
chr8	18185701	0	0	0	4397	4397
chr8	25483968	0	0	4316	0	4316
chr8	27305102	0	0	14940	0	14940
chr8	28027962	2550	0	0	0	2550
chr8	35683818	0	0	0	16091	16091
chr8	41850923	0	0	16654	0	16654
chr8	50190656	0	0	0	8421	8421
chr8	65633841	0	0	13321	0	13321
chr8	66708097	0	0	6470	0	6470
chr8	68756692	0	0	2095	0	2095
chr8	85129252	0	0	0	9919	9919
chr8	87069790	12189	0	0	0	12189
chr8	91086921	0	0	8636	0	8636
chr8	100219126	0	0	13846	0	13846
chr8	113312898	0	0	5592	0	5592
chr8	113401478	0	7516	0	0	7516
chr8	119785904	6259	0	0	0	6259
chr8	139698313	0	17079	0	0	17079
chr9	4597502	0	0	10208	0	10208
chr9	9252386	0	0	9807	0	9807
chr9	9555526	12326	0	0	0	12326
chr9	19721212	0	9099	0	0	9099
chr9	21971029	0	13023	0	0	13023
chr9	101640362	0	13731	0	0	13731
chr9	106598206	0	0	0	9037	9037
chr9	109501997	14221	0	0	0	14221
chr9	112266538	0	0	0	8785	8785
chr9	128395001	0	0	16339	0	16339
chr9	134415169	14331	0	0	0	14331
chrX	11637021	0	0	1880	0	1880
chrX	12288772	0	0	8941	0	8941
chrX	15835476	0	0	7763	0	7763
chrX	17845322	0	10230	0	0	10230
chrX	29747945	0	0	5880	0	5880
chrX	32848180	0	0	9680	0	9680
chrX	45849345	0	7264	0	0	7264
chrX	72128810	0	0	9800	0	9800
chrX	104593414	0	0	7213	0	7213
chrX	105678895	0	3583	0	0	3583
chrX	105841353	0	0	7440	0	7440
chrX	108305108	0	9180	0	0	9180
chrX	109378360	0	0	9601	0	9601
chrX	109621230	9965	0	0	0	9965
chrX	132489973	0	6194	0	0	6194
chrX	133881186	0	9526	0	0	9526
chrX	154938339	0	0	7148	0	7148
