#CHR	POS	Count_A	Count_C	Count_G	Count_T	Good_depth
chr1	1789203	1	0	13823	0	13824
chr1	1804439	0	15772	0	0	15772
chr1	190098048	0	18934	0	0	18934
chr1	190098133	0	16906	0	1	16907
chr1	190098223	0	0	15801	0	15801
chr1	190098730	0	15454	0	1	15455
chr1	190098760	0	15149	0	0	15149
chr1	190098761	0	0	14601	0	14601
chr1	190098794	0	15426	0	0	15426
chr1	190098799	0	15031	0	0	15031
chr1	190098808	0	0	14427	0	14427
chr1	190099081	0	0	0	14931	14931
chr1	190099126	0	0	15603	0	15603
chr10	110602143	0	19348	0	0	19348
chr10	110602972	0	16820	0	0	16820
chr11	32389172	0	14782	0	0	14782
chr11	108235716	19535	0	0	0	19535
chr11	108244055	0	18374	0	0	18374
chr11	108250844	0	14811	0	0	14811
chr11	108250981	0	0	17386	0	17386
chr11	108267235	0	0	18954	0	18954
chr11	108271273	0	13770	0	0	13770
chr11	108289680	0	19254	2	0	19256
chr11	108292750	1	18619	0	0	18620
chr11	108299734	0	0	17469	0	17469
chr11	108304684	0	0	18392	2	18394
chr11	108304801	0	19166	0	2	19168
chr11	108307915	0	0	18588	0	18588
chr11	108316069	0	0	18165	0	18165
chr11	108330234	0	0	18271	0	18271
chr11	108332827	19653	0	0	0	19653
chr11	108335029	0	18903	0	0	18903
chr11	116870374	0	13384	0	0	13384
chr11	119278281	0	0	18340	0	18340
chr11	119278541	1	0	16614	0	16615
chr16	67616813	0	16986	0	0	16986
chr16	67620800	17967	0	0	0	17967
chr16	67621450	2	16593	0	0	16595
chr16	67621484	0	16836	0	0	16836
chr16	67637742	0	0	0	15380	15380
chr17	7670669	0	0	14186	0	14186
chr17	7673728	0	14178	0	0	14178
chr17	7673776	0	0	13476	0	13476
chr17	7673803	0	0	13026	0	13026
chr17	7674886	12497	1	0	0	12498
chr17	7676154	0	0	11934	0	11934
chr17	60623733	2	0	19508	0	19510
chr17	60663403	0	16655	0	0	16655
chr2	25234374	0	0	11984	0	11984
chr2	25234404	0	11934	0	0	11934
chr2	25235726	13811	0	0	0	13811
chr2	25235788	0	0	13670	0	13670
chr2	25239166	0	0	12350	0	12350
chr2	25240322	0	12241	0	0	12241
chr2	25240360	11560	0	0	0	11560
chr2	25240691	0	0	0	13474	13474
chr2	25241564	0	0	14463	0	14463
chr2	25241570	0	0	14235	0	14235
chr2	25243924	10560	0	0	0	10560
chr2	25243931	0	0	10181	0	10181
chr2	25244234	0	0	9501	0	9501
chr2	25244315	0	0	0	8937	8937
chr2	25244320	8772	0	0	0	8772
chr2	25244321	0	8629	0	0	8629
chr2	25244329	0	0	8109	0	8109
chr2	25244564	10932	0	0	0	10932
chr2	25244604	10539	0	0	0	10539
chr2	25245317	0	10161	0	0	10161
chr2	25246050	0	11517	0	1	11518
chr2	25246661	0	9625	0	0	9625
chr2	25247094	0	0	0	10668	10668
chr20	32433509	0	0	13777	0	13777
chr20	32435050	1	13394	0	0	13395
chr20	32435444	0	14878	0	0	14878
chr20	32435669	14452	0	0	0	14452
chr20	32435765	0	14038	0	0	14038
chr20	32436529	1	15115	0	2	15118
chr21	34799450	17683	0	0	0	17683
chr21	34859571	0	0	16316	0	16316
chr21	34880568	0	18000	0	1	18001
chr21	34880682	0	0	19594	0	19594
chr22	28694072	0	13281	0	0	13281
chr22	28695852	0	33	0	16445	16478
chr22	28725277	1	19444	0	0	19445
chr22	28725333	0	0	19132	0	19132
chr3	128486108	0	4037	0	3985	8022
chr4	105234615	0	18558	0	0	18558
chr4	105234748	17244	0	0	0	17244
chr4	105236198	0	0	0	17067	17067
chr4	105237217	0	17770	0	0	17770
chr4	105241411	0	0	18540	0	18540
chr4	105269640	0	16526	0	0	16526
chr4	105275794	16956	0	0	0	16956
chr4	105275843	8271	0	7516	0	15787
chr7	148809093	0	16984	0	0	16984
chr7	148809359	0	0	16807	0	16807
chr7	148810344	0	0	0	14925	14925
chr7	148810374	0	0	0	15141	15141
chr7	148810383	0	14782	0	0	14782
chr7	148811627	0	17184	0	0	17184
chr7	148814973	0	0	17473	0	17473
chr7	148826504	0	19012	0	0	19012
chr7	148826570	19898	0	0	0	19898
chr7	148826583	19907	0	0	0	19907
chr7	148826616	0	19055	0	0	19055
chr8	116847581	0	16920	0	0	16920
chr8	116851985	0	16817	0	0	16817
chr8	116854333	0	0	0	18044	18044
chr8	116854470	0	0	0	17551	17551
chr8	116861895	0	0	18545	0	18545
chr9	83970251	20875	3	0	0	20878
chr9	83972891	0	19128	0	2	19130
chrX	40055368	0	7910	0	0	7910
chrX	40062162	0	0	4694	0	4694
chrX	40063806	0	0	6073	0	6073
chrX	40064410	0	5739	0	0	5739
chrX	40064506	0	0	6232	0	6232
chrX	40070996	0	0	7220	0	7220
chrX	40072912	0	7064	0	0	7064
chrX	40073385	0	0	6025	0	6025
chrX	40073476	0	0	6504	0	6504
chrX	40074322	0	0	6075	0	6075
chrX	40074655	0	0	6742	0	6742
chrX	53396510	0	7463	0	0	7463
chrX	124047433	8954	0	0	0	8954
chrX	124081461	0	10216	0	0	10216
chrX	124086638	0	8704	0	0	8704
chrX	134393949	2	0	8775	0	8777
chrX	134413560	0	0	8417	0	8417
chrX	155071546	0	3079	0	2	3081
