#CHR	POS	Count_A	Count_C	Count_G	Count_T	Good_depth
chr1	1789203	0	0	8898	0	8898
chr1	1804439	0	7133	0	0	7133
chr1	190098048	0	7611	0	0	7611
chr1	190098133	0	7572	0	0	7572
chr1	190098223	0	0	7807	0	7807
chr1	190098730	0	8004	0	0	8004
chr1	190098760	0	8002	0	0	8002
chr1	190098761	0	0	7771	0	7771
chr1	190098794	0	8089	0	0	8089
chr1	190098799	0	7999	0	0	7999
chr1	190098808	0	0	7855	0	7855
chr1	190099081	0	0	0	6841	6841
chr1	190099126	2	0	6275	0	6277
chr10	110602143	0	7166	0	0	7166
chr10	110602972	0	7318	0	0	7318
chr11	32389172	0	8129	0	0	8129
chr11	108235716	6397	0	0	0	6397
chr11	108244055	0	6968	0	0	6968
chr11	108250844	0	6852	0	0	6852
chr11	108250981	0	0	7570	0	7570
chr11	108267235	0	0	7956	0	7956
chr11	108271273	0	5849	0	0	5849
chr11	108289680	0	6783	0	0	6783
chr11	108292750	0	6825	0	0	6825
chr11	108299734	0	0	6777	0	6777
chr11	108304684	0	0	6792	0	6792
chr11	108304801	0	7521	0	0	7521
chr11	108307915	0	0	7667	0	7667
chr11	108316069	1	0	8372	0	8373
chr11	108330234	0	0	8287	0	8287
chr11	108332827	7372	0	0	0	7372
chr11	108335029	0	7639	0	0	7639
chr11	116870374	0	8346	0	0	8346
chr11	119278281	0	0	7519	0	7519
chr11	119278541	0	0	7344	0	7344
chr16	67616813	0	8550	0	0	8550
chr16	67620800	9048	0	0	0	9048
chr16	67621450	0	7324	0	0	7324
chr16	67621484	0	7295	0	0	7295
chr16	67637742	0	0	0	8543	8543
chr17	7670669	0	0	7971	0	7971
chr17	7673728	0	9284	0	0	9284
chr17	7673776	0	0	9013	0	9013
chr17	7673803	0	0	8823	0	8823
chr17	7674886	8556	0	0	0	8556
chr17	7676154	0	0	8759	0	8759
chr17	60623733	0	0	6365	0	6365
chr17	60663403	0	8747	0	0	8747
chr2	25234374	0	0	7915	0	7915
chr2	25234404	0	7513	0	0	7513
chr2	25235726	7160	0	1	0	7161
chr2	25235788	0	0	7204	0	7204
chr2	25239166	0	0	7782	0	7782
chr2	25240322	0	8516	1	0	8517
chr2	25240360	7942	0	0	0	7942
chr2	25240691	0	0	0	7925	7925
chr2	25241564	0	0	9263	0	9263
chr2	25241570	0	0	9221	0	9221
chr2	25243924	7535	0	0	0	7535
chr2	25243931	0	0	7652	0	7652
chr2	25244234	0	0	8296	0	8296
chr2	25244315	0	0	0	7948	7948
chr2	25244320	7911	0	0	0	7911
chr2	25244321	0	7844	0	0	7844
chr2	25244329	0	0	7542	0	7542
chr2	25244564	8759	0	0	0	8759
chr2	25244604	8790	0	0	0	8790
chr2	25245317	0	8427	0	0	8427
chr2	25246050	0	9033	0	0	9033
chr2	25246661	0	8714	0	0	8714
chr2	25247094	0	0	0	8367	8367
chr20	32433509	0	0	8648	0	8648
chr20	32435050	0	8826	0	0	8826
chr20	32435444	0	8874	0	0	8874
chr20	32435669	8582	0	0	0	8582
chr20	32435765	0	8859	0	0	8859
chr20	32436529	0	8886	0	0	8886
chr21	34799450	7394	0	0	0	7394
chr21	34859571	0	0	6719	0	6719
chr21	34880568	0	6710	0	0	6710
chr21	34880682	0	0	7560	0	7560
chr22	28694072	0	2309	0	0	2309
chr22	28695852	0	6	0	8229	8235
chr22	28725277	0	8323	0	0	8323
chr22	28725333	0	0	8406	0	8406
chr3	128486108	0	3499	0	3261	6760
chr4	105234615	0	8044	0	0	8044
chr4	105234748	8383	0	0	0	8383
chr4	105236198	0	0	0	7980	7980
chr4	105237217	0	7868	0	0	7868
chr4	105241411	0	0	6182	0	6182
chr4	105269640	0	7148	0	0	7148
chr4	105275794	8271	0	0	0	8271
chr4	105275843	4187	0	3881	0	8068
chr7	148809093	0	6871	0	0	6871
chr7	148809359	0	0	6251	0	6251
chr7	148810344	19	0	0	8568	8587
chr7	148810374	0	0	0	8436	8436
chr7	148810383	0	8439	0	0	8439
chr7	148811627	0	8706	0	0	8706
chr7	148814973	0	0	6834	0	6834
chr7	148826504	0	6292	0	1	6293
chr7	148826570	6659	0	0	0	6659
chr7	148826583	6790	0	0	0	6790
chr7	148826616	0	6108	0	0	6108
chr8	116847581	0	7810	0	0	7810
chr8	116851985	0	7934	0	0	7934
chr8	116854333	0	0	0	6739	6739
chr8	116854470	0	0	0	6299	6299
chr8	116861895	0	0	5891	0	5891
chr9	83970251	7051	1	0	0	7052
chr9	83972891	0	6582	0	0	6582
chrX	40055368	0	4045	0	0	4045
chrX	40062162	0	0	4387	0	4387
chrX	40063806	0	0	4301	0	4301
chrX	40064410	0	4567	0	0	4567
chrX	40064506	0	0	4689	0	4689
chrX	40070996	0	0	4061	0	4061
chrX	40072912	0	4700	0	0	4700
chrX	40073385	0	0	4895	0	4895
chrX	40073476	0	0	4808	0	4808
chrX	40074322	0	0	4564	0	4564
chrX	40074655	1	0	4821	0	4822
chrX	53396510	0	4384	0	0	4384
chrX	124047433	3223	0	0	0	3223
chrX	124081461	0	3648	0	0	3648
chrX	124086638	0	3896	0	0	3896
chrX	134393949	0	0	2988	0	2988
chrX	134413560	0	0	3516	0	3516
chrX	155071546	0	3298	0	0	3298
