#CHR	POS	Count_A	Count_C	Count_G	Count_T	Good_depth
chr1	1789203	0	0	11961	0	11961
chr1	1804439	0	9885	0	0	9885
chr1	190098048	0	11133	0	0	11133
chr1	190098133	0	10690	0	0	10690
chr1	190098223	0	0	10867	0	10867
chr1	190098730	0	11555	0	0	11555
chr1	190098760	0	11492	0	0	11492
chr1	190098761	0	0	11044	1	11045
chr1	190098794	0	11572	0	0	11572
chr1	190098799	0	11434	0	0	11434
chr1	190098808	0	0	11085	0	11085
chr1	190099081	0	0	0	10058	10058
chr1	190099126	1	0	9530	0	9531
chr10	110602143	0	10392	0	0	10392
chr10	110602972	0	10806	0	0	10806
chr11	32389172	0	11052	0	0	11052
chr11	108235716	0	0	0	10076	10076
chr11	108244055	0	10086	0	0	10086
chr11	108250844	0	9766	0	0	9766
chr11	108250981	0	0	10590	0	10590
chr11	108267235	0	0	11256	0	11256
chr11	108271273	0	8630	0	0	8630
chr11	108289680	0	10044	0	0	10044
chr11	108292750	0	10130	0	0	10130
chr11	108299734	0	0	10021	0	10021
chr11	108304684	0	0	9925	0	9925
chr11	108304801	0	10689	0	0	10689
chr11	108307915	0	0	11029	0	11029
chr11	108316069	0	0	11837	0	11837
chr11	108330234	0	0	11852	0	11852
chr11	108332827	10831	0	0	0	10831
chr11	108335029	0	10930	0	0	10930
chr11	116870374	2	11527	0	0	11529
chr11	119278281	0	0	10971	0	10971
chr11	119278541	0	0	10504	0	10504
chr16	67616813	0	11773	0	0	11773
chr16	67620800	12141	0	0	0	12141
chr16	67621450	0	10279	0	0	10279
chr16	67621484	0	10348	0	0	10348
chr16	67637742	0	0	0	11688	11688
chr17	7670669	0	0	11042	0	11042
chr17	7673728	0	12390	0	0	12390
chr17	7673776	0	0	12034	0	12034
chr17	7673803	0	0	11872	0	11872
chr17	7674886	11300	0	0	0	11300
chr17	7676154	0	10876	0	0	10876
chr17	60623733	0	0	9418	0	9418
chr17	60663403	0	11864	0	0	11864
chr2	25234374	0	0	10866	0	10866
chr2	25234404	0	10352	0	0	10352
chr2	25235726	9996	0	0	0	9996
chr2	25235788	1	0	9871	0	9872
chr2	25239166	0	0	10840	0	10840
chr2	25240322	0	11442	0	0	11442
chr2	25240360	10962	0	0	0	10962
chr2	25240691	0	0	0	11067	11067
chr2	25241564	0	0	12440	0	12440
chr2	25241570	0	0	12365	0	12365
chr2	25243924	10282	0	0	0	10282
chr2	25243931	0	0	10362	0	10362
chr2	25244234	0	0	10841	0	10841
chr2	25244315	0	0	0	10407	10407
chr2	25244320	10376	0	0	0	10376
chr2	25244321	0	10289	0	0	10289
chr2	25244329	0	0	9886	0	9886
chr2	25244564	11588	0	0	0	11588
chr2	25244604	11604	0	0	0	11604
chr2	25245317	0	11221	0	0	11221
chr2	25246050	0	11964	0	0	11964
chr2	25246661	0	11412	0	0	11412
chr2	25247094	0	0	0	11365	11365
chr20	32433509	0	0	11726	0	11726
chr20	32435050	0	11916	0	0	11916
chr20	32435444	0	12120	0	0	12120
chr20	32435669	11730	0	0	0	11730
chr20	32435765	0	11951	0	0	11951
chr20	32436529	0	12040	0	0	12040
chr21	34799450	10717	0	0	0	10717
chr21	34859571	0	0	9541	0	9541
chr21	34880568	0	9479	0	0	9479
chr21	34880682	0	0	10531	0	10531
chr22	28694072	0	5030	0	0	5030
chr22	28695852	0	7	0	11581	11588
chr22	28725277	0	11766	0	0	11766
chr22	28725333	0	0	11482	0	11482
chr3	128486108	0	4475	0	4496	8971
chr4	105234615	0	11266	0	0	11266
chr4	105234748	11438	0	0	0	11438
chr4	105236198	0	0	0	11198	11198
chr4	105237217	0	10815	0	0	10815
chr4	105241411	0	0	9357	0	9357
chr4	105269640	0	10299	0	0	10299
chr4	105275794	5603	0	5144	0	10747
chr4	105275843	11361	0	0	0	11361
chr7	148809093	0	9945	0	0	9945
chr7	148809359	0	0	9287	0	9287
chr7	148810344	0	0	0	11701	11701
chr7	148810374	0	0	0	11471	11471
chr7	148810383	0	11544	0	0	11544
chr7	148811627	0	12119	0	0	12119
chr7	148814973	0	0	10102	0	10102
chr7	148826504	0	9407	0	0	9407
chr7	148826570	10098	0	0	0	10098
chr7	148826583	10207	0	0	0	10207
chr7	148826616	0	9336	0	0	9336
chr8	116847581	0	11099	0	0	11099
chr8	116851985	0	11089	0	0	11089
chr8	116854333	0	0	0	9378	9378
chr8	116854470	0	0	0	9238	9238
chr8	116861895	0	0	8799	0	8799
chr9	83970251	10420	0	0	0	10420
chr9	83972891	0	9851	0	0	9851
chrX	40055368	0	10844	0	0	10844
chrX	40062162	0	0	10652	0	10652
chrX	40063806	0	0	10637	0	10637
chrX	40064410	0	11681	0	0	11681
chrX	40064506	0	0	11859	0	11859
chrX	40070996	0	0	10804	0	10804
chrX	40072912	0	11903	0	0	11903
chrX	40073385	0	0	12574	0	12574
chrX	40073476	0	0	12267	0	12267
chrX	40074322	0	0	11989	0	11989
chrX	40074655	0	1	12346	0	12347
chrX	53396510	0	10665	0	0	10665
chrX	124047433	7642	0	0	0	7642
chrX	124081461	0	8957	0	0	8957
chrX	124086638	0	10222	0	0	10222
chrX	134393949	0	0	7605	0	7605
chrX	134413560	0	0	8583	0	8583
chrX	155071546	0	8084	0	0	8084
