#CHR	POS	Count_A	Count_C	Count_G	Count_T	Good_depth
chr1	1789203	0	0	7114	0	7114
chr1	1804439	0	5909	0	0	5909
chr1	190098048	0	6407	0	0	6407
chr1	190098133	0	6377	0	0	6377
chr1	190098223	0	0	6621	0	6621
chr1	190098730	0	7083	0	0	7083
chr1	190098760	0	7115	0	0	7115
chr1	190098761	0	0	6793	0	6793
chr1	190098794	0	7102	0	0	7102
chr1	190098799	0	6963	0	0	6963
chr1	190098808	0	0	6686	0	6686
chr1	190099081	0	0	0	6032	6032
chr1	190099126	0	0	5556	0	5556
chr10	110602143	0	6102	0	0	6102
chr10	110602972	0	6313	0	0	6313
chr11	32389172	0	6840	0	0	6840
chr11	108235716	0	0	0	5798	5798
chr11	108244055	0	5873	0	0	5873
chr11	108250844	0	5765	0	0	5765
chr11	108250981	4	0	6291	0	6295
chr11	108267235	0	0	6651	0	6651
chr11	108271273	0	5125	0	0	5125
chr11	108289680	0	5667	0	0	5667
chr11	108292750	0	6001	0	0	6001
chr11	108299734	0	0	5922	0	5922
chr11	108304684	0	0	5617	0	5617
chr11	108304801	0	6191	0	0	6191
chr11	108307915	0	0	6387	0	6387
chr11	108316069	1	0	6909	0	6910
chr11	108330234	0	0	6874	0	6874
chr11	108332827	6081	0	0	0	6081
chr11	108335029	0	6476	0	0	6476
chr11	116870374	0	6984	0	0	6984
chr11	119278281	0	0	6362	0	6362
chr11	119278541	0	0	6269	0	6269
chr16	67616813	0	7041	0	0	7041
chr16	67620800	7215	0	0	0	7215
chr16	67621450	0	6004	0	0	6004
chr16	67621484	0	5988	0	0	5988
chr16	67637742	0	0	0	7044	7044
chr17	7670669	0	0	6821	0	6821
chr17	7673728	0	7446	0	0	7446
chr17	7673776	0	0	7223	0	7223
chr17	7673803	0	0	7107	0	7107
chr17	7674886	7117	0	0	0	7117
chr17	7676154	0	7	7391	0	7398
chr17	60623733	0	0	5625	0	5625
chr17	60663403	0	7315	0	0	7315
chr2	25234374	0	0	6771	0	6771
chr2	25234404	0	6588	0	0	6588
chr2	25235726	6373	0	0	0	6373
chr2	25235788	0	0	6365	0	6365
chr2	25239166	0	0	6843	0	6843
chr2	25240322	0	7311	0	0	7311
chr2	25240360	7122	0	0	0	7122
chr2	25240691	0	0	0	7163	7163
chr2	25241564	0	0	7937	0	7937
chr2	25241570	0	0	7873	0	7873
chr2	25243924	6619	0	0	0	6619
chr2	25243931	0	0	6614	0	6614
chr2	25244234	0	0	6971	0	6971
chr2	25244315	0	0	0	6690	6690
chr2	25244320	6605	0	0	0	6605
chr2	25244321	0	6562	0	0	6562
chr2	25244329	0	0	6287	0	6287
chr2	25244564	7544	0	0	0	7544
chr2	25244604	7558	0	0	0	7558
chr2	25245317	0	7361	0	0	7361
chr2	25246050	0	7522	0	0	7522
chr2	25246661	0	7293	0	0	7293
chr2	25247094	0	0	0	7179	7179
chr20	32433509	0	0	7418	0	7418
chr20	32435050	0	7498	0	0	7498
chr20	32435444	0	7480	0	0	7480
chr20	32435669	7357	0	0	0	7357
chr20	32435765	0	7531	0	0	7531
chr20	32436529	0	7683	0	0	7683
chr21	34799450	6651	0	0	0	6651
chr21	34859571	0	0	5917	0	5917
chr21	34880568	0	5825	0	0	5825
chr21	34880682	0	0	6348	0	6348
chr22	28694072	0	2876	0	0	2876
chr22	28695852	0	6	0	6894	6900
chr22	28725277	0	6782	0	0	6782
chr22	28725333	0	0	6788	0	6788
chr3	128486108	0	6043	0	4	6047
chr4	105234615	0	6996	0	0	6996
chr4	105234748	7035	0	0	0	7035
chr4	105236198	0	0	0	7001	7001
chr4	105237217	0	6825	0	0	6825
chr4	105241411	0	0	5528	0	5528
chr4	105269640	0	6227	0	0	6227
chr4	105275794	7044	0	3	0	7047
chr4	105275843	7139	0	0	0	7139
chr7	148809093	0	6125	0	0	6125
chr7	148809359	0	0	5618	0	5618
chr7	148810344	0	0	0	7148	7148
chr7	148810374	0	0	0	7077	7077
chr7	148810383	3	7146	0	0	7149
chr7	148811627	0	7112	0	0	7112
chr7	148814973	0	0	6228	0	6228
chr7	148826504	0	5708	0	0	5708
chr7	148826570	6114	0	0	0	6114
chr7	148826583	6158	0	0	1	6159
chr7	148826616	0	5608	0	0	5608
chr8	116847581	0	6823	0	0	6823
chr8	116851985	0	6739	0	0	6739
chr8	116854333	0	0	0	5854	5854
chr8	116854470	0	0	0	5620	5620
chr8	116861895	0	0	5251	0	5251
chr9	83970251	6150	0	0	0	6150
chr9	83972891	0	5825	0	0	5825
chrX	40055368	0	6343	0	0	6343
chrX	40062162	0	0	6815	0	6815
chrX	40063806	6	0	6578	0	6584
chrX	40064410	0	7440	0	0	7440
chrX	40064506	2	0	7566	0	7568
chrX	40070996	0	0	6571	0	6571
chrX	40072912	0	7298	0	0	7298
chrX	40073385	1	0	7816	0	7817
chrX	40073476	0	0	7614	0	7614
chrX	40074322	0	0	7459	0	7459
chrX	40074655	0	0	7723	0	7723
chrX	53396510	0	6643	0	0	6643
chrX	124047433	4513	0	0	0	4513
chrX	124081461	0	5213	0	0	5213
chrX	124086638	0	5929	0	0	5929
chrX	134393949	0	0	4517	0	4517
chrX	134413560	0	0	5282	0	5282
chrX	155071546	0	5254	0	0	5254
