#CHR	POS	Count_A	Count_C	Count_G	Count_T	Good_depth
chr1	1789203	0	0	18052	0	18052
chr1	1804439	0	15760	0	0	15760
chr1	190098048	0	18592	0	0	18592
chr1	190098133	0	17610	0	1	17611
chr1	190098223	0	0	17855	0	17855
chr1	190098730	0	18534	0	2	18536
chr1	190098760	0	18515	0	1	18516
chr1	190098761	0	0	17976	0	17976
chr1	190098794	0	18552	0	0	18552
chr1	190098799	0	18363	0	0	18363
chr1	190098808	0	0	17869	0	17869
chr1	190099081	0	0	0	16255	16255
chr1	190099126	0	0	15238	0	15238
chr10	110602143	0	17703	0	0	17703
chr10	110602972	0	17646	0	0	17646
chr11	32389172	0	17231	2	0	17233
chr11	108235716	0	0	0	16820	16820
chr11	108244055	0	17115	0	0	17115
chr11	108250844	0	16411	0	0	16411
chr11	108250981	0	0	18061	0	18061
chr11	108267235	0	0	18486	0	18486
chr11	108271273	0	14527	0	0	14527
chr11	108289680	0	17122	0	0	17122
chr11	108292750	0	17280	0	0	17280
chr11	108299734	0	0	16207	0	16207
chr11	108304684	0	0	16690	0	16690
chr11	108304801	0	17886	0	0	17886
chr11	108307915	0	0	18332	0	18332
chr11	108316069	0	0	19711	0	19711
chr11	108330234	0	0	19670	0	19670
chr11	108332827	18381	0	0	0	18381
chr11	108335029	0	18622	0	0	18622
chr11	116870374	1	17518	0	0	17519
chr11	119278281	0	0	17766	0	17766
chr11	119278541	0	0	17073	0	17073
chr16	67616813	0	18608	0	0	18608
chr16	67620800	19634	0	0	0	19634
chr16	67621450	0	16758	0	0	16758
chr16	67621484	0	16795	0	0	16795
chr16	67637742	0	0	0	18324	18324
chr17	7670669	0	0	16938	0	16938
chr17	7673728	0	18731	1	0	18732
chr17	7673776	0	0	17987	0	17987
chr17	7673803	0	0	17922	0	17922
chr17	7674886	17147	0	0	0	17147
chr17	7676154	0	0	17845	0	17845
chr17	60623733	0	0	14880	0	14880
chr17	60663403	0	19150	0	0	19150
chr2	25234374	2	0	16850	0	16852
chr2	25234404	0	15972	0	0	15972
chr2	25235726	15322	0	0	0	15322
chr2	25235788	2	0	15237	0	15239
chr2	25239166	4	0	16227	0	16231
chr2	25240322	0	17510	0	0	17510
chr2	25240360	16532	0	1	0	16533
chr2	25240691	0	0	2	17005	17007
chr2	25241564	0	0	19367	0	19367
chr2	25241570	0	0	19236	0	19236
chr2	25243924	15473	0	3	0	15476
chr2	25243931	0	0	15565	0	15565
chr2	25244234	0	0	16262	0	16262
chr2	25244315	0	0	0	15513	15513
chr2	25244320	15451	2	0	0	15453
chr2	25244321	0	15300	0	2	15302
chr2	25244329	0	0	14714	2	14716
chr2	25244564	17419	0	0	0	17419
chr2	25244604	17152	0	4	0	17156
chr2	25245317	0	16711	0	2	16713
chr2	25246050	0	18088	0	0	18088
chr2	25246661	0	17045	0	0	17045
chr2	25247094	0	0	0	17057	17057
chr20	32433509	0	0	17842	0	17842
chr20	32435050	0	18186	0	0	18186
chr20	32435444	0	18751	0	0	18751
chr20	32435669	17932	0	0	0	17932
chr20	32435765	0	18280	0	0	18280
chr20	32436529	0	18625	0	0	18625
chr21	34799450	16830	0	0	0	16830
chr21	34859571	0	0	14613	0	14613
chr21	34880568	0	15094	0	0	15094
chr21	34880682	0	0	17406	0	17406
chr22	28694072	0	7257	0	0	7257
chr22	28695852	0	24	0	19071	19095
chr22	28725277	0	19789	0	0	19789
chr22	28725333	0	0	19613	0	19613
chr3	128486108	0	13369	0	0	13369
chr4	105234615	0	18635	0	0	18635
chr4	105234748	18474	0	0	0	18474
chr4	105236198	0	0	3	18557	18560
chr4	105237217	0	18063	0	0	18063
chr4	105241411	0	0	14916	0	14916
chr4	105269640	0	16248	0	0	16248
chr4	105275794	18282	0	0	0	18282
chr4	105275843	18243	0	0	0	18243
chr7	148809093	0	15767	0	0	15767
chr7	148809359	0	0	14471	0	14471
chr7	148810344	0	0	0	18695	18695
chr7	148810374	0	4	0	18505	18509
chr7	148810383	0	18536	0	0	18536
chr7	148811627	0	19488	0	0	19488
chr7	148814973	0	0	15643	0	15643
chr7	148826504	0	14774	0	0	14774
chr7	148826570	15908	16	0	0	15924
chr7	148826583	16179	0	0	0	16179
chr7	148826616	0	14718	0	2	14720
chr8	116847581	0	18076	0	0	18076
chr8	116851985	1	17820	0	0	17821
chr8	116854333	0	0	0	15881	15881
chr8	116854470	0	0	0	15442	15442
chr8	116861895	0	0	14329	0	14329
chr9	83970251	16563	0	0	0	16563
chr9	83972891	0	16253	0	0	16253
chrX	40055368	0	8868	0	0	8868
chrX	40062162	0	0	8043	0	8043
chrX	40063806	0	0	8311	0	8311
chrX	40064410	0	8837	0	0	8837
chrX	40064506	0	0	9092	0	9092
chrX	40070996	0	0	8605	0	8605
chrX	40072912	0	9412	0	0	9412
chrX	40073385	0	0	9818	0	9818
chrX	40073476	0	0	9606	0	9606
chrX	40074322	0	0	9172	0	9172
chrX	40074655	0	0	9736	0	9736
chrX	53396510	0	9243	0	0	9243
chrX	124047433	7948	0	0	0	7948
chrX	124081461	0	8777	0	0	8777
chrX	124086638	0	9030	0	0	9030
chrX	134393949	0	0	7447	0	7447
chrX	134413560	0	0	8330	0	8330
chrX	155071546	0	5844	0	0	5844
