#CHR	POS	Count_A	Count_C	Count_G	Count_T	Good_depth
chr1	1789203	0	0	21331	0	21331
chr1	1804439	0	18957	0	0	18957
chr1	190098048	0	22305	0	0	22305
chr1	190098133	0	21169	0	0	21169
chr1	190098223	0	0	21705	0	21705
chr1	190098730	0	21956	0	0	21956
chr1	190098760	0	21995	0	0	21995
chr1	190098761	0	0	21316	0	21316
chr1	190098794	0	21997	0	0	21997
chr1	190098799	0	21729	0	0	21729
chr1	190098808	0	0	21102	0	21102
chr1	190099081	0	1	0	18953	18954
chr1	190099126	0	0	17595	0	17595
chr10	110602143	0	21617	0	0	21617
chr10	110602972	0	21403	0	0	21403
chr11	32389172	0	20235	0	0	20235
chr11	108235716	18566	0	0	0	18566
chr11	108244055	0	21071	0	0	21071
chr11	108250844	0	19582	0	0	19582
chr11	108250981	0	0	21613	0	21613
chr11	108267235	0	0	21954	0	21954
chr11	108271273	0	16844	0	0	16844
chr11	108289680	0	20358	0	0	20358
chr11	108292750	0	20976	0	0	20976
chr11	108299734	0	0	18725	0	18725
chr11	108304684	0	0	20378	0	20378
chr11	108304801	0	21859	0	0	21859
chr11	108307915	0	0	22032	0	22032
chr11	108316069	0	0	24124	0	24124
chr11	108330234	0	0	23735	0	23735
chr11	108332827	22040	0	0	0	22040
chr11	108335029	0	22670	0	0	22670
chr11	116870374	1	20376	0	0	20377
chr11	119278281	0	0	21305	0	21305
chr11	119278541	0	0	20384	0	20384
chr16	67616813	0	22230	0	0	22230
chr16	67620800	23759	0	0	0	23759
chr16	67621450	0	20008	0	0	20008
chr16	67621484	0	20071	0	0	20071
chr16	67637742	0	2	0	21402	21404
chr17	7670669	0	0	19438	0	19438
chr17	7673728	0	22019	0	0	22019
chr17	7673776	0	0	21165	0	21165
chr17	7673803	0	0	21074	0	21074
chr17	7674886	19923	0	0	0	19923
chr17	7676154	0	1	20559	0	20560
chr17	60623733	0	0	17479	0	17479
chr17	60663403	0	23037	0	0	23037
chr2	25234374	0	0	19037	0	19037
chr2	25234404	0	18230	0	0	18230
chr2	25235726	17351	0	11	0	17362
chr2	25235788	0	0	17419	0	17419
chr2	25239166	0	0	18527	0	18527
chr2	25240322	0	20242	3	0	20245
chr2	25240360	19209	0	0	0	19209
chr2	25240691	0	0	0	19717	19717
chr2	25241564	0	0	22793	0	22793
chr2	25241570	0	0	22630	0	22630
chr2	25243924	17770	0	0	0	17770
chr2	25243931	2	0	17707	0	17709
chr2	25244234	0	0	18620	0	18620
chr2	25244315	2	0	0	17690	17692
chr2	25244320	17481	0	0	0	17481
chr2	25244321	0	17351	0	0	17351
chr2	25244329	0	0	16652	0	16652
chr2	25244564	19644	0	0	0	19644
chr2	25244604	19560	0	0	0	19560
chr2	25245317	0	19187	0	0	19187
chr2	25246050	0	20646	0	0	20646
chr2	25246661	0	19405	0	0	19405
chr2	25247094	0	0	0	19392	19392
chr20	32433509	0	0	21238	0	21238
chr20	32435050	0	21341	0	0	21341
chr20	32435444	0	22319	0	0	22319
chr20	32435669	21333	0	0	0	21333
chr20	32435765	0	21997	0	0	21997
chr20	32436529	0	21809	0	0	21809
chr21	34799450	19793	0	0	0	19793
chr21	34859571	0	0	16633	0	16633
chr21	34880568	0	17655	0	0	17655
chr21	34880682	0	0	20930	0	20930
chr22	28694072	0	6068	0	0	6068
chr22	28695852	0	11	0	22152	22163
chr22	28725277	1	23937	0	0	23938
chr22	28725333	0	0	23538	0	23538
chr3	128486108	0	7469	0	7244	14713
chr4	105234615	2	22318	0	0	22320
chr4	105234748	22012	0	0	0	22012
chr4	105236198	0	0	0	21782	21782
chr4	105237217	0	21125	0	0	21125
chr4	105241411	0	0	16807	0	16807
chr4	105269640	0	18428	0	0	18428
chr4	105275794	21808	0	0	0	21808
chr4	105275843	10914	0	9948	0	20862
chr7	148809093	0	17709	0	0	17709
chr7	148809359	0	0	16652	0	16652
chr7	148810344	106	0	0	21945	22051
chr7	148810374	0	0	0	21749	21749
chr7	148810383	0	21664	0	0	21664
chr7	148811627	0	23187	0	0	23187
chr7	148814973	0	0	17941	0	17941
chr7	148826504	0	16791	0	0	16791
chr7	148826570	18226	0	0	0	18226
chr7	148826583	18581	0	0	0	18581
chr7	148826616	0	17044	0	0	17044
chr8	116847581	0	21846	0	0	21846
chr8	116851985	0	21248	0	0	21248
chr8	116854333	0	0	0	18680	18680
chr8	116854470	0	0	0	18010	18010
chr8	116861895	0	0	16379	0	16379
chr9	83970251	19379	1	0	0	19380
chr9	83972891	0	19046	0	0	19046
chrX	40055368	0	10199	0	0	10199
chrX	40062162	0	0	9191	0	9191
chrX	40063806	0	0	9489	0	9489
chrX	40064410	0	10060	0	0	10060
chrX	40064506	0	0	10458	0	10458
chrX	40070996	0	0	10343	0	10343
chrX	40072912	0	11066	0	0	11066
chrX	40073385	0	0	11507	0	11507
chrX	40073476	2	0	11244	0	11246
chrX	40074322	0	0	10645	0	10645
chrX	40074655	2	0	11324	0	11326
chrX	53396510	0	10807	0	0	10807
chrX	124047433	8941	0	0	0	8941
chrX	124081461	0	10108	0	0	10108
chrX	124086638	0	10684	0	0	10684
chrX	134393949	0	0	8993	0	8993
chrX	134413560	0	0	9917	0	9917
chrX	155071546	0	6448	0	0	6448
