#CHR	POS	Count_A	Count_C	Count_G	Count_T	Good_depth
chr1	1789203	0	0	11138	0	11138
chr1	1804439	0	9017	0	0	9017
chr1	190098048	0	10861	0	0	10861
chr1	190098133	0	10489	0	0	10489
chr1	190098223	0	0	10715	0	10715
chr1	190098730	0	11079	0	2	11081
chr1	190098760	0	10964	0	0	10964
chr1	190098761	0	0	10555	0	10555
chr1	190098794	0	10979	0	0	10979
chr1	190098799	0	10889	0	0	10889
chr1	190098808	0	0	10616	0	10616
chr1	190099081	0	0	0	9603	9603
chr1	190099126	0	0	8798	0	8798
chr10	110602143	0	10138	0	0	10138
chr10	110602972	0	10152	0	0	10152
chr11	32389172	0	10389	0	0	10389
chr11	108235716	0	0	0	9599	9599
chr11	108244055	0	9824	0	0	9824
chr11	108250844	0	9458	0	0	9458
chr11	108250981	0	0	10401	0	10401
chr11	108267235	0	0	10922	0	10922
chr11	108271273	0	8180	0	0	8180
chr11	108289680	0	9442	0	0	9442
chr11	108292750	0	9823	0	0	9823
chr11	108299734	0	0	9435	0	9435
chr11	108304684	0	0	9338	0	9338
chr11	108304801	0	10507	0	0	10507
chr11	108307915	0	0	10657	0	10657
chr11	108316069	0	0	11594	0	11594
chr11	108330234	0	0	11472	0	11472
chr11	108332827	10274	0	0	0	10274
chr11	108335029	0	10629	0	0	10629
chr11	116870374	1	10770	1	0	10772
chr11	119278281	0	0	10229	0	10229
chr11	119278541	1	0	9960	0	9961
chr16	67616813	0	11256	0	0	11256
chr16	67620800	11799	0	0	0	11799
chr16	67621450	0	10050	0	0	10050
chr16	67621484	0	10041	0	0	10041
chr16	67637742	0	0	0	10878	10878
chr17	7670669	0	0	10194	0	10194
chr17	7673728	0	11739	0	0	11739
chr17	7673776	0	0	11373	0	11373
chr17	7673803	0	4	11276	0	11280
chr17	7674886	10710	0	0	0	10710
chr17	7676154	0	0	11256	0	11256
chr17	60623733	0	0	8307	0	8307
chr17	60663403	0	11639	0	0	11639
chr2	25234374	0	0	10011	0	10011
chr2	25234404	0	9503	0	0	9503
chr2	25235726	8775	0	0	0	8775
chr2	25235788	1	0	8733	0	8734
chr2	25239166	1	0	9797	0	9798
chr2	25240322	0	10708	0	0	10708
chr2	25240360	10271	0	3	0	10274
chr2	25240691	0	0	2	9994	9996
chr2	25241564	0	0	11745	0	11745
chr2	25241570	0	0	11649	0	11649
chr2	25243924	9557	0	0	0	9557
chr2	25243931	0	0	9659	0	9659
chr2	25244234	0	0	10249	0	10249
chr2	25244315	0	0	0	9787	9787
chr2	25244320	9721	1	0	0	9722
chr2	25244321	0	9616	0	0	9616
chr2	25244329	0	0	9255	0	9255
chr2	25244564	10951	0	0	0	10951
chr2	25244604	10789	0	2	0	10791
chr2	25245317	0	10597	0	0	10597
chr2	25246050	0	11235	0	0	11235
chr2	25246661	0	10908	0	0	10908
chr2	25247094	0	0	0	10629	10629
chr20	32433509	0	0	11023	0	11023
chr20	32435050	0	11339	0	0	11339
chr20	32435444	0	11489	0	0	11489
chr20	32435669	11328	0	0	0	11328
chr20	32435765	0	11551	0	0	11551
chr20	32436529	0	11275	0	0	11275
chr21	34799450	9725	0	0	0	9725
chr21	34859571	0	0	8395	0	8395
chr21	34880568	0	8676	0	0	8676
chr21	34880682	0	0	10073	0	10073
chr22	28694072	0	3658	0	0	3658
chr22	28695852	0	19	0	11302	11321
chr22	28725277	0	11484	0	0	11484
chr22	28725333	0	0	11346	0	11346
chr3	128486108	0	8507	0	0	8507
chr4	105234615	0	10933	0	0	10933
chr4	105234748	11050	0	0	0	11050
chr4	105236198	0	0	1	11007	11008
chr4	105237217	0	10639	0	0	10639
chr4	105241411	0	0	8140	0	8140
chr4	105269640	0	9519	0	0	9519
chr4	105275794	10985	0	0	0	10985
chr4	105275843	11037	0	0	0	11037
chr7	148809093	0	8829	0	0	8829
chr7	148809359	0	0	8136	0	8136
chr7	148810344	0	0	0	11257	11257
chr7	148810374	0	0	0	11103	11103
chr7	148810383	0	11210	0	0	11210
chr7	148811627	0	11669	0	0	11669
chr7	148814973	0	0	8849	0	8849
chr7	148826504	0	8151	0	0	8151
chr7	148826570	8817	8	0	0	8825
chr7	148826583	8987	0	0	0	8987
chr7	148826616	0	8088	0	0	8088
chr8	116847581	0	10562	0	0	10562
chr8	116851985	0	10505	0	0	10505
chr8	116854333	0	0	0	9022	9022
chr8	116854470	0	0	0	8625	8625
chr8	116861895	0	0	7938	0	7938
chr9	83970251	9321	0	0	0	9321
chr9	83972891	0	9048	0	0	9048
chrX	40055368	0	5485	0	0	5485
chrX	40062162	0	0	5162	0	5162
chrX	40063806	0	0	5158	0	5158
chrX	40064410	0	5661	0	0	5661
chrX	40064506	0	0	5715	0	5715
chrX	40070996	0	0	5219	0	5219
chrX	40072912	0	5928	0	0	5928
chrX	40073385	0	0	6199	0	6199
chrX	40073476	0	0	6049	0	6049
chrX	40074322	0	0	5874	0	5874
chrX	40074655	0	0	5973	0	5973
chrX	53396510	0	5579	0	0	5579
chrX	124047433	4500	0	0	0	4500
chrX	124081461	0	5019	0	0	5019
chrX	124086638	0	5394	0	0	5394
chrX	134393949	0	0	4190	0	4190
chrX	134413560	0	0	4767	0	4767
chrX	155071546	0	3948	0	0	3948
