#CHR	POS	Count_A	Count_C	Count_G	Count_T	Good_depth
chr1	1789203	0	0	18245	0	18245
chr1	1804439	0	19015	0	0	19015
chr1	190098048	0	22399	0	3	22402
chr1	190098133	0	20617	0	0	20617
chr1	190098223	0	0	20783	0	20783
chr1	190098730	0	20384	0	0	20384
chr1	190098760	0	20495	0	0	20495
chr1	190098761	0	0	19775	0	19775
chr1	190098794	0	20690	0	0	20690
chr1	190098799	0	20264	0	0	20264
chr1	190098808	1	0	19512	0	19513
chr1	190099081	0	0	0	18574	18574
chr1	190099126	0	0	18219	0	18219
chr10	110602143	0	22561	0	0	22561
chr10	110602972	0	21015	0	0	21015
chr11	32389172	0	18892	0	0	18892
chr11	108235716	0	0	0	21117	21117
chr11	108244055	0	21798	0	0	21798
chr11	108250844	0	18687	0	0	18687
chr11	108250981	4	0	21912	0	21916
chr11	108267235	0	0	22681	0	22681
chr11	108271273	0	18248	0	0	18248
chr11	108289680	0	21387	0	0	21387
chr11	108292750	2	21605	0	0	21607
chr11	108299734	0	0	20117	0	20117
chr11	108304684	0	0	21077	0	21077
chr11	108304801	0	22232	0	0	22232
chr11	108307915	0	0	22477	0	22477
chr11	108316069	0	0	23280	0	23280
chr11	108330234	0	0	22905	0	22905
chr11	108332827	22439	0	0	0	22439
chr11	108335029	0	23031	0	0	23031
chr11	116870374	2	17794	0	0	17796
chr11	119278281	0	0	21751	0	21751
chr11	119278541	0	0	20184	0	20184
chr16	67616813	0	21689	0	0	21689
chr16	67620800	22762	0	0	0	22762
chr16	67621450	0	19948	0	0	19948
chr16	67621484	0	19904	0	0	19904
chr16	67637742	0	0	0	20246	20246
chr17	7670669	0	0	18307	0	18307
chr17	7673728	0	19230	0	0	19230
chr17	7673776	0	0	18219	0	18219
chr17	7673803	0	0	17830	0	17830
chr17	7674886	16993	0	0	0	16993
chr17	7676154	0	0	17024	0	17024
chr17	60623733	0	0	19786	0	19786
chr17	60663403	0	21142	0	0	21142
chr2	25234374	0	0	16188	0	16188
chr2	25234404	0	15839	0	2	15841
chr2	25235726	17397	0	0	0	17397
chr2	25235788	0	0	16961	0	16961
chr2	25239166	0	0	16623	0	16623
chr2	25240322	0	17744	0	0	17744
chr2	25240360	16592	0	0	0	16592
chr2	25240691	0	0	0	18273	18273
chr2	25241564	0	0	20992	0	20992
chr2	25241570	0	1	20655	0	20656
chr2	25243924	15233	0	0	0	15233
chr2	25243931	0	0	14980	0	14980
chr2	25244234	0	0	14179	0	14179
chr2	25244315	0	0	0	13210	13210
chr2	25244320	13050	0	0	0	13050
chr2	25244321	0	12758	0	0	12758
chr2	25244329	0	0	12062	0	12062
chr2	25244564	15992	0	0	0	15992
chr2	25244604	15640	0	0	0	15640
chr2	25245317	0	15070	0	0	15070
chr2	25246050	0	16954	0	0	16954
chr2	25246661	0	14505	0	0	14505
chr2	25247094	0	0	0	15955	15955
chr20	32433509	0	0	19181	0	19181
chr20	32435050	0	18653	0	0	18653
chr20	32435444	0	20291	0	0	20291
chr20	32435669	19525	0	0	0	19525
chr20	32435765	0	19440	0	0	19440
chr20	32436529	0	20003	0	0	20003
chr21	34799450	20700	0	0	0	20700
chr21	34859571	0	0	18026	0	18026
chr21	34880568	0	19374	0	0	19374
chr21	34880682	0	0	21726	0	21726
chr22	28694072	0	8963	0	0	8963
chr22	28695852	0	26	0	21278	21304
chr22	28725277	2	23607	0	0	23609
chr22	28725333	0	0	22838	0	22838
chr3	128486108	0	11503	0	0	11503
chr4	105234615	0	22342	0	0	22342
chr4	105234748	21358	0	0	0	21358
chr4	105236198	0	0	0	21498	21498
chr4	105237217	1	21432	0	0	21433
chr4	105241411	0	0	18635	0	18635
chr4	105269640	0	18805	0	0	18805
chr4	105275794	21325	0	0	0	21325
chr4	105275843	21032	0	0	0	21032
chr7	148809093	0	18655	0	0	18655
chr7	148809359	0	0	17667	0	17667
chr7	148810344	0	0	0	19488	19488
chr7	148810374	0	0	0	19517	19517
chr7	148810383	2	19274	0	0	19276
chr7	148811627	0	21768	0	0	21768
chr7	148814973	0	0	19555	0	19555
chr7	148826504	0	18909	0	0	18909
chr7	148826570	20205	0	0	0	20205
chr7	148826583	20641	0	0	0	20641
chr7	148826616	0	19270	0	0	19270
chr8	116847581	0	20926	0	0	20926
chr8	116851985	0	20681	0	0	20681
chr8	116854333	0	3	0	19197	19200
chr8	116854470	0	0	0	18572	18572
chr8	116861895	0	0	18367	1	18368
chr9	83970251	21801	0	0	0	21801
chr9	83972891	0	20104	0	0	20104
chrX	40055368	0	20010	0	0	20010
chrX	40062162	0	0	13454	0	13454
chrX	40063806	0	0	16219	0	16219
chrX	40064410	2	16307	0	0	16309
chrX	40064506	0	0	17116	0	17116
chrX	40070996	1	0	19130	0	19131
chrX	40072912	0	18910	0	0	18910
chrX	40073385	3	0	18167	0	18170
chrX	40073476	0	0	18643	0	18643
chrX	40074322	0	0	17619	0	17619
chrX	40074655	0	0	18842	0	18842
chrX	53396510	0	18299	0	0	18299
chrX	124047433	14468	0	0	0	14468
chrX	124081461	0	18271	0	0	18271
chrX	124086638	0	19175	0	0	19175
chrX	134393949	0	0	16066	0	16066
chrX	134413560	3	0	16804	0	16807
chrX	155071546	0	9172	0	0	9172
