#CHR	POS	Count_A	Count_C	Count_G	Count_T	Good_depth
chr1	1789203	3	0	18875	0	18878
chr1	1804439	0	18610	0	0	18610
chr1	190098048	0	23372	0	0	23372
chr1	190098133	0	22010	0	0	22010
chr1	190098223	0	0	21524	0	21524
chr1	190098730	0	20959	0	0	20959
chr1	190098760	0	20938	0	0	20938
chr1	190098761	0	0	20285	0	20285
chr1	190098794	0	21310	0	0	21310
chr1	190098799	0	20897	0	0	20897
chr1	190098808	1	0	20012	0	20013
chr1	190099081	0	0	0	18922	18922
chr1	190099126	0	0	18716	0	18716
chr10	110602143	0	23543	0	0	23543
chr10	110602972	0	22061	0	0	22061
chr11	32389172	0	19254	0	0	19254
chr11	108235716	10552	0	0	11751	22303
chr11	108244055	0	23276	0	0	23276
chr11	108250844	0	20452	0	3	20455
chr11	108250981	0	0	22930	0	22930
chr11	108267235	0	0	22707	0	22707
chr11	108271273	0	18883	0	0	18883
chr11	108289680	0	21681	0	0	21681
chr11	108292750	0	22342	0	0	22342
chr11	108299734	0	0	19390	0	19390
chr11	108304684	0	0	21587	0	21587
chr11	108304801	0	23528	0	1	23529
chr11	108307915	0	0	23545	0	23545
chr11	108316069	1	0	24194	0	24195
chr11	108330234	0	0	24171	0	24171
chr11	108332827	23893	0	0	0	23893
chr11	108335029	0	24276	0	1	24277
chr11	116870374	0	18287	0	0	18287
chr11	119278281	0	0	22214	0	22214
chr11	119278541	2	0	21025	0	21027
chr16	67616813	0	22082	0	1	22083
chr16	67620800	23552	0	0	0	23552
chr16	67621450	0	20411	0	0	20411
chr16	67621484	0	20513	0	0	20513
chr16	67637742	0	0	0	20393	20393
chr17	7670669	0	0	18526	0	18526
chr17	7673728	0	19873	0	0	19873
chr17	7673776	0	0	18613	0	18613
chr17	7673803	0	0	18166	0	18166
chr17	7674886	17050	0	0	0	17050
chr17	7676154	0	8388	8869	0	17257
chr17	60623733	1	0	20171	0	20172
chr17	60663403	0	23028	0	2	23030
chr2	25234374	0	0	16519	0	16519
chr2	25234404	0	16061	0	0	16061
chr2	25235726	16371	0	0	0	16371
chr2	25235788	0	0	16273	0	16273
chr2	25239166	0	0	16922	0	16922
chr2	25240322	0	17645	0	0	17645
chr2	25240360	16497	0	0	0	16497
chr2	25240691	0	0	0	18282	18282
chr2	25241564	0	0	20681	0	20681
chr2	25241570	0	0	20376	0	20376
chr2	25243924	15213	0	0	0	15213
chr2	25243931	0	0	14852	0	14852
chr2	25244234	0	0	14514	0	14514
chr2	25244315	0	0	0	13612	13612
chr2	25244320	13408	0	0	0	13408
chr2	25244321	0	13166	0	0	13166
chr2	25244329	0	0	12448	0	12448
chr2	25244564	16212	0	0	0	16212
chr2	25244604	15760	0	0	0	15760
chr2	25245317	0	15018	0	0	15018
chr2	25246050	0	17019	0	0	17019
chr2	25246661	0	14723	0	0	14723
chr2	25247094	0	0	0	16180	16180
chr20	32433509	0	0	19635	0	19635
chr20	32435050	0	19047	0	0	19047
chr20	32435444	0	20626	0	0	20626
chr20	32435669	20243	0	0	0	20243
chr20	32435765	0	20069	0	0	20069
chr20	32436529	0	20579	0	5	20584
chr21	34799450	20679	0	0	0	20679
chr21	34859571	0	0	17784	0	17784
chr21	34880568	0	20171	0	2	20173
chr21	34880682	0	0	22875	0	22875
chr22	28694072	0	8920	0	0	8920
chr22	28695852	0	10	0	21564	21574
chr22	28725277	1	24063	0	1	24065
chr22	28725333	0	0	23328	0	23328
chr3	128486108	0	12192	0	0	12192
chr4	105234615	0	24198	0	0	24198
chr4	105234748	22843	0	0	0	22843
chr4	105236198	0	0	0	23003	23003
chr4	105237217	0	22922	0	0	22922
chr4	105241411	0	0	18438	0	18438
chr4	105269640	0	19219	0	0	19219
chr4	105275794	22207	0	0	0	22207
chr4	105275843	21962	0	0	0	21962
chr7	148809093	0	19005	0	0	19005
chr7	148809359	0	0	18125	0	18125
chr7	148810344	0	0	0	20140	20140
chr7	148810374	0	0	0	20025	20025
chr7	148810383	0	19614	0	0	19614
chr7	148811627	0	22524	0	0	22524
chr7	148814973	1	0	19445	0	19446
chr7	148826504	0	18474	0	0	18474
chr7	148826570	19636	0	0	0	19636
chr7	148826583	20232	0	0	0	20232
chr7	148826616	0	19035	0	0	19035
chr8	116847581	1	21801	0	0	21802
chr8	116851985	0	22043	0	0	22043
chr8	116854333	0	0	0	19596	19596
chr8	116854470	0	0	0	19133	19133
chr8	116861895	0	0	17928	0	17928
chr9	83970251	23508	0	0	0	23508
chr9	83972891	0	21400	0	4	21404
chrX	40055368	0	9982	0	0	9982
chrX	40062162	0	0	7059	0	7059
chrX	40063806	0	0	8616	0	8616
chrX	40064410	0	8585	0	0	8585
chrX	40064506	0	0	8855	0	8855
chrX	40070996	0	0	9942	0	9942
chrX	40072912	0	9985	0	0	9985
chrX	40073385	0	0	9557	0	9557
chrX	40073476	0	0	9921	0	9921
chrX	40074322	0	0	9418	0	9418
chrX	40074655	0	0	9910	0	9910
chrX	53396510	0	9914	0	0	9914
chrX	124047433	9399	0	0	0	9399
chrX	124081461	0	10953	0	2	10955
chrX	124086638	0	11216	0	0	11216
chrX	134393949	4	0	9782	0	9786
chrX	134413560	0	0	10151	0	10151
chrX	155071546	0	4959	0	0	4959
