#CHR	POS	Count_A	Count_C	Count_G	Count_T	Good_depth
chr1	1789203	0	0	10246	0	10246
chr1	1804439	0	8126	0	0	8126
chr1	190098048	0	9939	0	0	9939
chr1	190098133	0	9440	0	0	9440
chr1	190098223	0	0	9632	0	9632
chr1	190098730	0	10310	0	0	10310
chr1	190098760	0	10378	0	0	10378
chr1	190098761	0	0	10020	0	10020
chr1	190098794	0	10357	0	0	10357
chr1	190098799	0	10296	0	0	10296
chr1	190098808	0	0	9989	0	9989
chr1	190099081	0	0	0	8754	8754
chr1	190099126	0	0	8134	0	8134
chr10	110602143	0	9007	0	0	9007
chr10	110602972	0	9237	0	0	9237
chr11	32389172	0	9652	0	0	9652
chr11	108235716	0	0	0	8635	8635
chr11	108244055	0	8923	0	0	8923
chr11	108250844	0	8659	0	0	8659
chr11	108250981	0	0	9198	0	9198
chr11	108267235	0	0	9739	0	9739
chr11	108271273	0	7704	0	0	7704
chr11	108289680	0	8428	0	0	8428
chr11	108292750	0	9023	0	0	9023
chr11	108299734	0	0	8373	0	8373
chr11	108304684	0	0	8573	0	8573
chr11	108304801	0	9380	0	0	9380
chr11	108307915	0	0	9572	0	9572
chr11	108316069	0	0	10537	0	10537
chr11	108330234	0	0	10473	0	10473
chr11	108332827	9302	0	0	0	9302
chr11	108335029	0	9713	0	0	9713
chr11	116870374	0	9640	0	1	9641
chr11	119278281	0	0	9151	0	9151
chr11	119278541	0	0	9036	0	9036
chr16	67616813	0	10496	0	0	10496
chr16	67620800	10547	0	0	0	10547
chr16	67621450	0	8859	0	0	8859
chr16	67621484	0	8859	0	0	8859
chr16	67637742	0	0	0	10027	10027
chr17	7670669	2	0	9270	0	9272
chr17	7673728	0	10546	0	0	10546
chr17	7673776	0	0	10279	0	10279
chr17	7673803	0	0	10156	0	10156
chr17	7674886	9575	0	0	0	9575
chr17	7676154	0	4824	5197	0	10021
chr17	60623733	0	0	7511	0	7511
chr17	60663403	0	10581	0	0	10581
chr2	25234374	0	0	9255	0	9255
chr2	25234404	0	8830	0	0	8830
chr2	25235726	7904	0	0	0	7904
chr2	25235788	0	0	8124	0	8124
chr2	25239166	0	0	9213	0	9213
chr2	25240322	0	9850	0	0	9850
chr2	25240360	9596	0	0	0	9596
chr2	25240691	0	0	0	9752	9752
chr2	25241564	4	0	11017	0	11021
chr2	25241570	0	0	11005	0	11005
chr2	25243924	8663	0	0	0	8663
chr2	25243931	0	0	8737	0	8737
chr2	25244234	0	0	9801	0	9801
chr2	25244315	0	0	0	9354	9354
chr2	25244320	9282	0	0	0	9282
chr2	25244321	0	9194	0	0	9194
chr2	25244329	0	0	8835	0	8835
chr2	25244564	10488	0	0	0	10488
chr2	25244604	10362	0	0	0	10362
chr2	25245317	0	10058	0	0	10058
chr2	25246050	0	10534	0	0	10534
chr2	25246661	0	10183	0	0	10183
chr2	25247094	0	2	0	9877	9879
chr20	32433509	0	0	10044	0	10044
chr20	32435050	0	10240	0	0	10240
chr20	32435444	0	10544	0	0	10544
chr20	32435669	10173	0	0	0	10173
chr20	32435765	0	10387	0	0	10387
chr20	32436529	0	10487	0	0	10487
chr21	34799450	8934	0	0	0	8934
chr21	34859571	0	0	7788	0	7788
chr21	34880568	0	7751	0	0	7751
chr21	34880682	0	0	9085	0	9085
chr22	28694072	0	2285	0	0	2285
chr22	28695852	0	6	0	10356	10362
chr22	28725277	0	10488	0	0	10488
chr22	28725333	0	0	10461	0	10461
chr3	128486108	0	8028	0	0	8028
chr4	105234615	0	9987	0	0	9987
chr4	105234748	10007	0	0	0	10007
chr4	105236198	0	0	0	10163	10163
chr4	105237217	0	9646	0	0	9646
chr4	105241411	0	0	7238	0	7238
chr4	105269640	0	8514	0	0	8514
chr4	105275794	10123	0	0	0	10123
chr4	105275843	10311	0	0	0	10311
chr7	148809093	0	8117	0	0	8117
chr7	148809359	0	0	7496	0	7496
chr7	148810344	0	0	0	10376	10376
chr7	148810374	0	0	0	10317	10317
chr7	148810383	0	10349	0	0	10349
chr7	148811627	0	10691	0	2	10693
chr7	148814973	0	0	8008	0	8008
chr7	148826504	0	7451	0	2	7453
chr7	148826570	7865	0	0	0	7865
chr7	148826583	8049	0	0	0	8049
chr7	148826616	0	7234	0	0	7234
chr8	116847581	0	9649	0	0	9649
chr8	116851985	0	9841	0	0	9841
chr8	116854333	0	0	0	8070	8070
chr8	116854470	0	0	0	7814	7814
chr8	116861895	0	0	7018	0	7018
chr9	83970251	8587	0	0	0	8587
chr9	83972891	0	8164	0	0	8164
chrX	40055368	0	4853	0	2	4855
chrX	40062162	0	0	4835	0	4835
chrX	40063806	0	0	4772	0	4772
chrX	40064410	0	5194	0	0	5194
chrX	40064506	0	0	5260	0	5260
chrX	40070996	0	0	4799	0	4799
chrX	40072912	0	5425	0	0	5425
chrX	40073385	0	0	5758	0	5758
chrX	40073476	0	0	5681	0	5681
chrX	40074322	0	0	5637	0	5637
chrX	40074655	0	0	5630	0	5630
chrX	53396510	0	5088	0	0	5088
chrX	124047433	3825	0	0	0	3825
chrX	124081461	0	4340	0	0	4340
chrX	124086638	0	4863	0	0	4863
chrX	134393949	0	0	3786	0	3786
chrX	134413560	0	0	4447	0	4447
chrX	155071546	0	3602	0	0	3602
