#CHR	POS	Count_A	Count_C	Count_G	Count_T	Good_depth
chr1	1789203	0	0	14796	0	14796
chr1	1804439	0	12502	0	0	12502
chr1	190098048	0	15701	0	0	15701
chr1	190098133	0	15239	0	0	15239
chr1	190098223	0	0	15262	0	15262
chr1	190098730	0	15980	0	0	15980
chr1	190098760	0	15958	0	0	15958
chr1	190098761	0	0	15438	0	15438
chr1	190098794	0	16017	0	0	16017
chr1	190098799	0	15875	0	0	15875
chr1	190098808	0	0	15318	0	15318
chr1	190099081	0	0	0	13761	13761
chr1	190099126	0	0	12787	0	12787
chr10	110602143	0	14933	0	0	14933
chr10	110602972	0	14929	0	0	14929
chr11	32389172	0	14434	0	0	14434
chr11	108235716	0	0	0	13672	13672
chr11	108244055	0	14343	0	0	14343
chr11	108250844	0	13727	0	0	13727
chr11	108250981	0	0	14932	0	14932
chr11	108267235	0	0	14892	0	14892
chr11	108271273	0	11546	0	0	11546
chr11	108289680	0	13352	0	0	13352
chr11	108292750	0	14451	0	0	14451
chr11	108299734	0	0	13073	0	13073
chr11	108304684	0	0	13711	0	13711
chr11	108304801	0	14624	0	0	14624
chr11	108307915	0	0	14720	0	14720
chr11	108316069	0	0	16523	0	16523
chr11	108330234	0	0	16669	0	16669
chr11	108332827	14653	0	0	0	14653
chr11	108335029	0	15528	0	0	15528
chr11	116870374	0	14357	0	0	14357
chr11	119278281	0	0	14262	0	14262
chr11	119278541	0	0	14112	0	14112
chr16	67616813	0	16092	0	0	16092
chr16	67620800	16770	0	0	0	16770
chr16	67621450	0	14238	0	0	14238
chr16	67621484	0	14249	0	0	14249
chr16	67637742	0	0	0	15178	15178
chr17	7670669	1	0	13662	0	13663
chr17	7673728	0	16009	0	0	16009
chr17	7673776	0	0	15427	0	15427
chr17	7673803	0	0	15210	0	15210
chr17	7674886	14278	0	0	0	14278
chr17	7676154	0	7252	7671	0	14923
chr17	60623733	0	0	11675	0	11675
chr17	60663403	0	16640	0	0	16640
chr2	25234374	1	0	13744	0	13745
chr2	25234404	0	13004	0	0	13004
chr2	25235726	11332	0	0	0	11332
chr2	25235788	0	1	11713	0	11714
chr2	25239166	0	0	13046	0	13046
chr2	25240322	0	14692	0	0	14692
chr2	25240360	11169	0	0	0	11169
chr2	25240691	0	0	0	14290	14290
chr2	25241564	9	0	16151	0	16160
chr2	25241570	0	0	16019	0	16019
chr2	25243924	12985	0	0	0	12985
chr2	25243931	0	0	13068	0	13068
chr2	25244234	0	0	13915	0	13915
chr2	25244315	0	0	0	13438	13438
chr2	25244320	13347	0	0	0	13347
chr2	25244321	0	13238	0	0	13238
chr2	25244329	0	0	12778	0	12778
chr2	25244564	14817	0	3	0	14820
chr2	25244604	14764	0	0	0	14764
chr2	25245317	0	14158	0	0	14158
chr2	25246050	0	15386	0	0	15386
chr2	25246661	0	14825	0	0	14825
chr2	25247094	0	0	0	14444	14444
chr20	32433509	0	0	15458	0	15458
chr20	32435050	0	15790	0	0	15790
chr20	32435444	0	16234	0	0	16234
chr20	32435669	15790	0	0	0	15790
chr20	32435765	0	16135	0	0	16135
chr20	32436529	0	16247	0	0	16247
chr21	34799450	13127	0	0	0	13127
chr21	34859571	0	0	11530	0	11530
chr21	34880568	0	11657	0	0	11657
chr21	34880682	0	0	13900	0	13900
chr22	28694072	0	3669	0	0	3669
chr22	28695852	0	13	0	15900	15913
chr22	28725277	0	16546	0	1	16547
chr22	28725333	0	0	16386	0	16386
chr3	128486108	0	11704	0	0	11704
chr4	105234615	0	16108	0	0	16108
chr4	105234748	15599	0	0	0	15599
chr4	105236198	0	0	0	15958	15958
chr4	105237217	0	15334	0	0	15334
chr4	105241411	0	0	11017	0	11017
chr4	105269640	0	12463	0	0	12463
chr4	105275794	15689	0	0	0	15689
chr4	105275843	15720	0	0	0	15720
chr7	148809093	0	12070	0	0	12070
chr7	148809359	0	2	11692	0	11694
chr7	148810344	0	0	0	15879	15879
chr7	148810374	0	0	0	15569	15569
chr7	148810383	0	15511	0	0	15511
chr7	148811627	0	16306	0	5	16311
chr7	148814973	0	0	12252	0	12252
chr7	148826504	0	10893	0	3	10896
chr7	148826570	11787	0	0	0	11787
chr7	148826583	12005	0	0	0	12005
chr7	148826616	0	10919	0	0	10919
chr8	116847581	0	14764	0	0	14764
chr8	116851985	0	14937	0	0	14937
chr8	116854333	0	0	0	8723	8723
chr8	116854470	0	0	0	11887	11887
chr8	116861895	0	0	10444	0	10444
chr9	83970251	13461	0	0	0	13461
chr9	83972891	0	12272	0	0	12272
chrX	40055368	0	7311	0	1	7312
chrX	40062162	0	0	6728	0	6728
chrX	40063806	0	0	6909	0	6909
chrX	40064410	0	7460	0	0	7460
chrX	40064506	0	0	7736	0	7736
chrX	40070996	0	0	7307	0	7307
chrX	40072912	0	8070	0	0	8070
chrX	40073385	0	0	8393	0	8393
chrX	40073476	0	0	8158	0	8158
chrX	40074322	0	0	8047	0	8047
chrX	40074655	0	0	8216	0	8216
chrX	53396510	0	7521	0	0	7521
chrX	124047433	5973	0	0	0	5973
chrX	124081461	0	6688	0	0	6688
chrX	124086638	0	7431	0	0	7431
chrX	134393949	0	0	6064	0	6064
chrX	134413560	0	0	6648	0	6648
chrX	155071546	0	4937	0	0	4937
