#CHR	POS	Count_A	Count_C	Count_G	Count_T	Good_depth
chr1	1789203	0	0	15966	0	15966
chr1	1804439	0	12733	0	0	12733
chr1	190098048	0	16108	0	0	16108
chr1	190098133	0	15891	0	0	15891
chr1	190098223	0	0	16364	0	16364
chr1	190098730	0	16172	0	0	16172
chr1	190098760	0	16156	0	0	16156
chr1	190098761	0	0	15714	0	15714
chr1	190098794	0	16175	0	0	16175
chr1	190098799	0	16105	0	0	16105
chr1	190098808	0	0	15778	0	15778
chr1	190099081	0	0	0	13750	13750
chr1	190099126	0	0	12420	0	12420
chr10	110602143	0	14766	0	0	14766
chr10	110602972	0	14813	0	0	14813
chr11	32389172	0	15601	0	0	15601
chr11	108235716	6451	0	0	7249	13700
chr11	108244055	0	14832	0	0	14832
chr11	108250844	0	14206	0	0	14206
chr11	108250981	0	0	15741	0	15741
chr11	108267235	0	0	16239	0	16239
chr11	108271273	0	12072	0	0	12072
chr11	108289680	0	14099	0	0	14099
chr11	108292750	0	14785	0	0	14785
chr11	108299734	0	0	13184	0	13184
chr11	108304684	0	0	14150	0	14150
chr11	108304801	0	15775	0	0	15775
chr11	108307915	0	0	15854	0	15854
chr11	108316069	0	0	17748	0	17748
chr11	108330234	0	0	17772	0	17772
chr11	108332827	15326	0	0	0	15326
chr11	108335029	0	16248	0	0	16248
chr11	116870374	0	15477	0	0	15477
chr11	119278281	0	0	14776	0	14776
chr11	119278541	0	0	14320	0	14320
chr16	67616813	0	17014	0	0	17014
chr16	67620800	18042	0	0	0	18042
chr16	67621450	0	14967	0	0	14967
chr16	67621484	0	15282	0	0	15282
chr16	67637742	0	0	0	16102	16102
chr17	7670669	0	0	14417	0	14417
chr17	7673728	0	17180	0	0	17180
chr17	7673776	0	0	16632	0	16632
chr17	7673803	0	0	16473	0	16473
chr17	7674886	15274	0	0	0	15274
chr17	7676154	0	7577	7982	0	15559
chr17	60623733	0	0	11663	0	11663
chr17	60663403	0	17453	0	0	17453
chr2	25234374	0	0	14440	0	14440
chr2	25234404	0	13659	0	0	13659
chr2	25235726	11792	0	0	0	11792
chr2	25235788	0	0	12153	0	12153
chr2	25239166	0	0	13887	0	13887
chr2	25240322	0	14914	0	0	14914
chr2	25240360	14178	0	0	0	14178
chr2	25240691	0	0	0	13855	13855
chr2	25241564	0	0	17355	0	17355
chr2	25241570	0	0	17222	0	17222
chr2	25243924	13111	0	0	0	13111
chr2	25243931	0	0	13203	0	13203
chr2	25244234	0	0	14695	0	14695
chr2	25244315	0	0	0	13975	13975
chr2	25244320	13847	0	0	0	13847
chr2	25244321	0	13775	0	0	13775
chr2	25244329	0	0	13265	0	13265
chr2	25244564	15331	0	0	0	15331
chr2	25244604	15457	0	0	0	15457
chr2	25245317	0	15043	0	0	15043
chr2	25246050	0	16406	0	0	16406
chr2	25246661	0	15492	0	0	15492
chr2	25247094	0	0	0	15131	15131
chr20	32433509	0	0	15786	0	15786
chr20	32435050	0	16407	0	0	16407
chr20	32435444	0	16688	0	0	16688
chr20	32435669	16015	0	0	0	16015
chr20	32435765	0	16512	0	0	16512
chr20	32436529	0	16529	0	0	16529
chr21	34799450	13454	0	0	0	13454
chr21	34859571	0	0	10969	0	10969
chr21	34880568	0	11746	0	0	11746
chr21	34880682	0	7	14316	0	14323
chr22	28694072	0	3629	0	0	3629
chr22	28695852	0	7	0	17039	17046
chr22	28725277	0	17721	0	0	17721
chr22	28725333	0	0	17482	0	17482
chr3	128486108	0	11969	0	0	11969
chr4	105234615	0	16288	0	0	16288
chr4	105234748	16228	0	0	0	16228
chr4	105236198	0	0	0	16023	16023
chr4	105237217	0	15527	0	0	15527
chr4	105241411	0	0	10475	0	10475
chr4	105269640	0	12498	0	0	12498
chr4	105275794	15934	0	0	0	15934
chr4	105275843	15950	0	0	0	15950
chr7	148809093	0	12304	0	0	12304
chr7	148809359	0	0	10973	0	10973
chr7	148810344	0	0	0	17082	17082
chr7	148810374	0	0	0	16811	16811
chr7	148810383	0	16694	0	0	16694
chr7	148811627	0	17204	0	0	17204
chr7	148814973	0	0	11376	0	11376
chr7	148826504	0	10896	0	0	10896
chr7	148826570	11717	0	0	0	11717
chr7	148826583	12046	0	0	0	12046
chr7	148826616	0	10805	0	0	10805
chr8	116847581	0	15500	0	0	15500
chr8	116851985	0	15212	0	0	15212
chr8	116854333	0	0	0	12328	12328
chr8	116854470	0	2	0	11948	11950
chr8	116861895	0	0	10139	0	10139
chr9	83970251	12770	0	0	0	12770
chr9	83972891	0	12730	0	0	12730
chrX	40055368	0	7859	0	0	7859
chrX	40062162	0	0	7561	0	7561
chrX	40063806	0	0	7412	0	7412
chrX	40064410	0	8173	0	0	8173
chrX	40064506	0	0	8482	0	8482
chrX	40070996	0	0	7923	0	7923
chrX	40072912	0	8638	0	0	8638
chrX	40073385	0	0	8963	0	8963
chrX	40073476	0	0	8858	0	8858
chrX	40074322	0	0	8400	0	8400
chrX	40074655	0	0	8775	0	8775
chrX	53396510	0	8129	0	0	8129
chrX	124047433	6123	0	0	0	6123
chrX	124081461	0	7059	0	0	7059
chrX	124086638	0	7858	0	0	7858
chrX	134393949	0	0	6195	0	6195
chrX	134413560	0	0	6755	0	6755
chrX	155071546	0	5436	0	0	5436
