#CHR	POS	Count_A	Count_C	Count_G	Count_T	Good_depth
chr1	1789203	0	0	17730	0	17730
chr1	1804439	0	19115	0	0	19115
chr1	190098048	0	22455	0	0	22455
chr1	190098133	0	20584	0	0	20584
chr1	190098223	0	0	20078	0	20078
chr1	190098730	0	19898	0	0	19898
chr1	190098760	0	19687	0	0	19687
chr1	190098761	0	0	18967	0	18967
chr1	190098794	0	20017	0	0	20017
chr1	190098799	0	19555	0	0	19555
chr1	190098808	0	0	18717	0	18717
chr1	190099081	0	0	0	18535	18535
chr1	190099126	0	0	18515	0	18515
chr10	110602143	0	23045	0	0	23045
chr10	110602972	0	21212	0	0	21212
chr11	32389172	0	19226	0	0	19226
chr11	108235716	0	0	0	22139	22139
chr11	108244055	1	21895	0	0	21896
chr11	108250844	0	19053	0	0	19053
chr11	108250981	0	0	21389	0	21389
chr11	108267235	0	0	22293	0	22293
chr11	108271273	0	18122	0	0	18122
chr11	108289680	0	21779	0	0	21779
chr11	108292750	0	22442	0	0	22442
chr11	108299734	0	0	20145	2	20147
chr11	108304684	0	0	21457	0	21457
chr11	108304801	0	23152	0	0	23152
chr11	108307915	0	0	22524	0	22524
chr11	108316069	0	0	22779	0	22779
chr11	108330234	0	0	22742	0	22742
chr11	108332827	23322	0	0	0	23322
chr11	108335029	0	22962	0	0	22962
chr11	116870374	1	17787	0	1	17789
chr11	119278281	0	0	21908	0	21908
chr11	119278541	0	0	20186	0	20186
chr16	67616813	0	21276	0	0	21276
chr16	67620800	22216	0	0	0	22216
chr16	67621450	0	20182	0	0	20182
chr16	67621484	0	20127	0	0	20127
chr16	67637742	0	0	0	19552	19552
chr17	7670669	0	0	17894	0	17894
chr17	7673728	14	19007	0	0	19021
chr17	7673776	0	0	17972	0	17972
chr17	7673803	0	0	17617	0	17617
chr17	7674886	16416	0	0	0	16416
chr17	7676154	0	0	16352	0	16352
chr17	60623733	0	0	21223	0	21223
chr17	60663403	0	21308	0	0	21308
chr2	25234374	0	0	15881	0	15881
chr2	25234404	0	15798	0	1	15799
chr2	25235726	17273	0	0	0	17273
chr2	25235788	0	0	16714	0	16714
chr2	25239166	0	0	16704	0	16704
chr2	25240322	0	17075	0	0	17075
chr2	25240360	16212	0	0	0	16212
chr2	25240691	0	0	0	17684	17684
chr2	25241564	0	0	19894	0	19894
chr2	25241570	0	0	19696	0	19696
chr2	25243924	14839	0	0	0	14839
chr2	25243931	0	0	14450	0	14450
chr2	25244234	0	0	13664	0	13664
chr2	25244315	0	0	0	12797	12797
chr2	25244320	12569	0	0	0	12569
chr2	25244321	0	12398	0	0	12398
chr2	25244329	0	0	11699	0	11699
chr2	25244564	15431	0	0	0	15431
chr2	25244604	14898	0	0	0	14898
chr2	25245317	0	14376	0	0	14376
chr2	25246050	0	16312	0	0	16312
chr2	25246661	0	14101	0	0	14101
chr2	25247094	0	0	0	15333	15333
chr20	32433509	0	0	18622	0	18622
chr20	32435050	0	17988	0	0	17988
chr20	32435444	0	19488	0	0	19488
chr20	32435669	19193	0	0	0	19193
chr20	32435765	2	18825	0	0	18827
chr20	32436529	0	19810	0	0	19810
chr21	34799450	21199	0	0	0	21199
chr21	34859571	0	0	18532	1	18533
chr21	34880568	0	20539	0	0	20539
chr21	34880682	0	0	22566	0	22566
chr22	28694072	0	12083	0	0	12083
chr22	28695852	0	26	0	20660	20686
chr22	28725277	0	23486	0	0	23486
chr22	28725333	0	0	22873	0	22873
chr3	128486108	0	11367	0	0	11367
chr4	105234615	0	22748	0	0	22748
chr4	105234748	21448	0	0	0	21448
chr4	105236198	0	0	0	21327	21327
chr4	105237217	0	21504	0	0	21504
chr4	105241411	0	0	20024	0	20024
chr4	105269640	0	19152	0	0	19152
chr4	105275794	21375	0	0	0	21375
chr4	105275843	20972	0	0	0	20972
chr7	148809093	0	20150	0	0	20150
chr7	148809359	0	0	18757	0	18757
chr7	148810344	0	0	0	18861	18861
chr7	148810374	0	0	0	18959	18959
chr7	148810383	0	18690	0	0	18690
chr7	148811627	0	21669	0	0	21669
chr7	148814973	0	0	20386	0	20386
chr7	148826504	0	20470	0	0	20470
chr7	148826570	21989	0	0	0	21989
chr7	148826583	22198	0	0	0	22198
chr7	148826616	0	20847	0	0	20847
chr8	116847581	0	21041	0	0	21041
chr8	116851985	0	21056	0	0	21056
chr8	116854333	0	0	0	20493	20493
chr8	116854470	0	0	0	19598	19598
chr8	116861895	0	0	19405	0	19405
chr9	83970251	23640	0	0	0	23640
chr9	83972891	0	21516	0	3	21519
chrX	40055368	0	19071	0	0	19071
chrX	40062162	0	0	12991	0	12991
chrX	40063806	1	0	16087	0	16088
chrX	40064410	0	15588	0	0	15588
chrX	40064506	0	0	16159	0	16159
chrX	40070996	0	0	18497	0	18497
chrX	40072912	0	18094	0	0	18094
chrX	40073385	0	0	17388	0	17388
chrX	40073476	0	0	17771	0	17771
chrX	40074322	0	0	16618	0	16618
chrX	40074655	0	0	17964	0	17964
chrX	53396510	0	18256	0	0	18256
chrX	124047433	16658	0	0	0	16658
chrX	124081461	1	19961	0	0	19962
chrX	124086638	0	20182	0	0	20182
chrX	134393949	6	0	17620	0	17626
chrX	134413560	0	0	18072	0	18072
chrX	155071546	0	8922	0	0	8922
