#CHR	POS	Count_A	Count_C	Count_G	Count_T	Good_depth
chr1	1789203	0	0	10659	0	10659
chr1	1804439	0	8655	0	0	8655
chr1	190098048	0	10329	0	0	10329
chr1	190098133	0	10046	0	0	10046
chr1	190098223	0	0	10195	0	10195
chr1	190098730	0	10718	0	1	10719
chr1	190098760	0	10633	0	0	10633
chr1	190098761	0	0	10280	0	10280
chr1	190098794	0	10673	0	0	10673
chr1	190098799	0	10558	0	0	10558
chr1	190098808	0	0	10268	0	10268
chr1	190099081	0	0	0	8991	8991
chr1	190099126	1	0	8191	0	8192
chr10	110602143	0	9502	0	0	9502
chr10	110602972	0	9797	0	0	9797
chr11	32389172	0	10293	0	0	10293
chr11	108235716	8291	0	0	0	8291
chr11	108244055	0	9015	0	0	9015
chr11	108250844	0	8870	0	0	8870
chr11	108250981	0	0	9742	0	9742
chr11	108267235	0	0	10309	0	10309
chr11	108271273	1	7983	0	0	7984
chr11	108289680	0	9023	0	0	9023
chr11	108292750	0	9276	0	0	9276
chr11	108299734	0	0	8866	0	8866
chr11	108304684	0	0	9079	0	9079
chr11	108304801	0	9946	0	0	9946
chr11	108307915	0	0	10088	0	10088
chr11	108316069	0	0	10822	0	10822
chr11	108330234	0	0	10659	0	10659
chr11	108332827	9887	0	0	0	9887
chr11	108335029	0	9981	0	0	9981
chr11	116870374	2	10205	0	0	10207
chr11	119278281	0	0	9867	0	9867
chr11	119278541	0	0	9466	0	9466
chr16	67616813	0	10793	0	0	10793
chr16	67620800	11095	0	0	0	11095
chr16	67621450	0	9325	0	0	9325
chr16	67621484	0	9272	0	0	9272
chr16	67637742	0	0	0	10554	10554
chr17	7670669	0	0	9962	0	9962
chr17	7673728	0	11161	0	0	11161
chr17	7673776	0	0	10703	0	10703
chr17	7673803	0	0	10581	0	10581
chr17	7674886	10305	2	0	0	10307
chr17	7676154	0	0	10607	0	10607
chr17	60623733	0	0	8156	0	8156
chr17	60663403	0	10833	0	0	10833
chr2	25234374	0	0	9759	0	9759
chr2	25234404	0	9329	0	0	9329
chr2	25235726	9011	0	4	0	9015
chr2	25235788	0	0	8985	0	8985
chr2	25239166	0	0	9718	0	9718
chr2	25240322	0	10209	1	0	10210
chr2	25240360	9816	0	0	0	9816
chr2	25240691	0	0	0	9959	9959
chr2	25241564	0	0	11390	0	11390
chr2	25241570	0	0	11313	0	11313
chr2	25243924	9272	0	0	0	9272
chr2	25243931	0	0	9370	0	9370
chr2	25244234	0	0	10075	0	10075
chr2	25244315	0	0	0	9734	9734
chr2	25244320	9651	0	0	0	9651
chr2	25244321	0	9556	0	0	9556
chr2	25244329	0	0	9147	0	9147
chr2	25244564	10723	0	0	0	10723
chr2	25244604	10614	0	0	0	10614
chr2	25245317	0	10233	0	0	10233
chr2	25246050	0	10856	0	0	10856
chr2	25246661	0	10636	0	1	10637
chr2	25247094	0	0	0	10257	10257
chr20	32433509	0	0	10612	0	10612
chr20	32435050	0	10809	0	0	10809
chr20	32435444	0	10764	0	0	10764
chr20	32435669	10499	0	0	0	10499
chr20	32435765	0	10814	0	0	10814
chr20	32436529	0	10957	0	0	10957
chr21	34799450	9643	0	0	0	9643
chr21	34859571	0	0	8312	0	8312
chr21	34880568	0	8656	0	0	8656
chr21	34880682	0	0	9876	0	9876
chr22	28694072	0	3124	0	0	3124
chr22	28695852	0	4	0	10528	10532
chr22	28725277	0	10824	0	0	10824
chr22	28725333	0	0	10781	0	10781
chr3	128486108	0	4197	0	4121	8318
chr4	105234615	0	10254	0	0	10254
chr4	105234748	10227	0	0	0	10227
chr4	105236198	0	0	0	10140	10140
chr4	105237217	0	9860	0	0	9860
chr4	105241411	0	0	8041	0	8041
chr4	105269640	0	9247	0	0	9247
chr4	105275794	10280	0	0	0	10280
chr4	105275843	5142	0	4726	0	9868
chr7	148809093	0	8701	0	0	8701
chr7	148809359	0	0	8001	0	8001
chr7	148810344	43	0	0	10756	10799
chr7	148810374	0	0	0	10555	10555
chr7	148810383	0	10649	0	0	10649
chr7	148811627	0	11049	0	0	11049
chr7	148814973	0	0	8970	0	8970
chr7	148826504	0	8297	0	0	8297
chr7	148826570	8777	0	0	0	8777
chr7	148826583	8912	0	0	0	8912
chr7	148826616	0	8101	0	0	8101
chr8	116847581	0	10230	0	0	10230
chr8	116851985	0	10065	0	0	10065
chr8	116854333	0	0	0	8814	8814
chr8	116854470	0	0	0	8317	8317
chr8	116861895	0	0	7848	0	7848
chr9	83970251	9290	0	0	0	9290
chr9	83972891	0	8856	0	0	8856
chrX	40055368	0	5129	0	0	5129
chrX	40062162	0	0	5025	0	5025
chrX	40063806	0	0	5007	0	5007
chrX	40064410	0	5397	0	0	5397
chrX	40064506	0	0	5580	0	5580
chrX	40070996	0	0	5018	0	5018
chrX	40072912	0	5535	0	0	5535
chrX	40073385	0	0	5887	0	5887
chrX	40073476	0	0	5795	0	5795
chrX	40074322	0	0	5622	0	5622
chrX	40074655	0	0	5720	0	5720
chrX	53396510	0	5392	0	0	5392
chrX	124047433	4224	0	0	0	4224
chrX	124081461	0	4735	0	0	4735
chrX	124086638	0	5131	0	0	5131
chrX	134393949	0	0	4116	0	4116
chrX	134413560	0	0	4587	0	4587
chrX	155071546	0	3977	0	0	3977
