#CHR	POS	Count_A	Count_C	Count_G	Count_T	Good_depth
chr1	1789203	0	0	11518	0	11518
chr1	1804439	0	9663	0	0	9663
chr1	190098048	0	11171	0	0	11171
chr1	190098133	0	10893	0	0	10893
chr1	190098223	0	0	10973	0	10973
chr1	190098730	0	11449	0	0	11449
chr1	190098760	0	11566	0	0	11566
chr1	190098761	0	0	11210	0	11210
chr1	190098794	0	11633	0	0	11633
chr1	190098799	0	11446	0	0	11446
chr1	190098808	0	0	11180	0	11180
chr1	190099081	0	0	0	10023	10023
chr1	190099126	0	0	9465	0	9465
chr10	110602143	0	10469	0	0	10469
chr10	110602972	0	10676	0	0	10676
chr11	32389172	0	11001	0	0	11001
chr11	108235716	0	0	0	9869	9869
chr11	108244055	0	10205	0	0	10205
chr11	108250844	0	9803	0	0	9803
chr11	108250981	1	0	10684	0	10685
chr11	108267235	0	0	11164	0	11164
chr11	108271273	0	8666	0	0	8666
chr11	108289680	0	9725	0	0	9725
chr11	108292750	0	10327	0	0	10327
chr11	108299734	0	0	9686	0	9686
chr11	108304684	0	0	9912	0	9912
chr11	108304801	0	10489	0	0	10489
chr11	108307915	0	0	10982	0	10982
chr11	108316069	0	0	11715	0	11715
chr11	108330234	0	0	11770	0	11770
chr11	108332827	10632	0	0	0	10632
chr11	108335029	0	11082	0	0	11082
chr11	116870374	0	10910	0	0	10910
chr11	119278281	0	0	10633	0	10633
chr11	119278541	0	0	10641	0	10641
chr16	67616813	0	11755	0	0	11755
chr16	67620800	12268	0	0	0	12268
chr16	67621450	0	10322	0	0	10322
chr16	67621484	0	10210	0	0	10210
chr16	67637742	0	0	0	11640	11640
chr17	7670669	0	0	10659	0	10659
chr17	7673728	0	12083	0	0	12083
chr17	7673776	0	0	11787	0	11787
chr17	7673803	0	0	11641	0	11641
chr17	7674886	11071	0	0	0	11071
chr17	7676154	0	0	11752	0	11752
chr17	60623733	0	0	8863	0	8863
chr17	60663403	0	12104	0	0	12104
chr2	25234374	0	0	10364	0	10364
chr2	25234404	0	9844	0	1	9845
chr2	25235726	9400	0	0	0	9400
chr2	25235788	0	0	9343	0	9343
chr2	25239166	0	0	10373	0	10373
chr2	25240322	0	11373	0	0	11373
chr2	25240360	10968	0	0	0	10968
chr2	25240691	0	0	0	10957	10957
chr2	25241564	0	0	12327	0	12327
chr2	25241570	0	4	12225	0	12229
chr2	25243924	10019	0	0	0	10019
chr2	25243931	0	0	10017	0	10017
chr2	25244234	0	0	10726	0	10726
chr2	25244315	0	0	0	10226	10226
chr2	25244320	10138	0	0	0	10138
chr2	25244321	0	10044	0	0	10044
chr2	25244329	0	0	9678	0	9678
chr2	25244564	11681	0	0	0	11681
chr2	25244604	11521	0	0	0	11521
chr2	25245317	0	10948	0	0	10948
chr2	25246050	0	11727	0	0	11727
chr2	25246661	0	11301	2	0	11303
chr2	25247094	0	0	0	11176	11176
chr20	32433509	0	0	11443	2	11445
chr20	32435050	0	11623	0	0	11623
chr20	32435444	0	11871	0	0	11871
chr20	32435669	11808	0	0	0	11808
chr20	32435765	0	11940	0	0	11940
chr20	32436529	0	12023	0	0	12023
chr21	34799450	10411	0	0	0	10411
chr21	34859571	0	0	8846	0	8846
chr21	34880568	0	9084	0	0	9084
chr21	34880682	0	0	10444	0	10444
chr22	28694072	0	3563	0	0	3563
chr22	28695852	0	10	0	11792	11802
chr22	28725277	0	11708	0	0	11708
chr22	28725333	0	0	11520	0	11520
chr3	128486108	0	9021	0	0	9021
chr4	105234615	0	11299	0	0	11299
chr4	105234748	11424	0	0	0	11424
chr4	105236198	0	0	0	11309	11309
chr4	105237217	1	10781	0	0	10782
chr4	105241411	0	0	8473	0	8473
chr4	105269640	0	9706	0	0	9706
chr4	105275794	11076	0	0	0	11076
chr4	105275843	11297	0	0	0	11297
chr7	148809093	0	9422	0	0	9422
chr7	148809359	0	0	8717	0	8717
chr7	148810344	0	0	0	11623	11623
chr7	148810374	0	0	0	11368	11368
chr7	148810383	2	11318	0	0	11320
chr7	148811627	0	11824	0	0	11824
chr7	148814973	0	0	9266	0	9266
chr7	148826504	0	8636	0	0	8636
chr7	148826570	9222	0	0	0	9222
chr7	148826583	9384	0	0	2	9386
chr7	148826616	0	8496	0	0	8496
chr8	116847581	0	11123	0	0	11123
chr8	116851985	0	11046	0	0	11046
chr8	116854333	0	4	0	9240	9244
chr8	116854470	0	0	0	8833	8833
chr8	116861895	0	0	8353	0	8353
chr9	83970251	9976	0	0	0	9976
chr9	83972891	0	9595	0	0	9595
chrX	40055368	0	10787	0	0	10787
chrX	40062162	0	0	10610	0	10610
chrX	40063806	8	0	10383	0	10391
chrX	40064410	0	11353	0	0	11353
chrX	40064506	0	0	11642	0	11642
chrX	40070996	1	0	10856	0	10857
chrX	40072912	0	11932	0	0	11932
chrX	40073385	4	0	12778	0	12782
chrX	40073476	0	0	12323	0	12323
chrX	40074322	0	0	11949	0	11949
chrX	40074655	0	0	12296	0	12296
chrX	53396510	0	9886	0	0	9886
chrX	124047433	6604	0	0	0	6604
chrX	124081461	0	8259	0	0	8259
chrX	124086638	0	9907	0	0	9907
chrX	134393949	0	0	7401	0	7401
chrX	134413560	6	0	7894	0	7900
chrX	155071546	0	7698	0	0	7698
