#CHR	POS	Count_A	Count_C	Count_G	Count_T	Good_depth
chr1	1789203	1	0	18685	0	18686
chr1	1804439	0	17467	9	0	17476
chr1	190098048	0	21935	0	0	21935
chr1	190098133	0	22707	0	1	22708
chr1	190098223	0	0	21222	0	21222
chr1	190098730	0	20445	0	1	20446
chr1	190098760	0	20283	0	1	20284
chr1	190098761	0	0	19772	0	19772
chr1	190098794	0	20486	0	0	20486
chr1	190098799	0	20404	0	0	20404
chr1	190098808	2	0	19911	0	19913
chr1	190099081	0	0	0	17906	17906
chr1	190099126	0	0	17251	0	17251
chr10	110602143	0	19571	0	1	19572
chr10	110602972	0	19970	0	0	19970
chr11	32389172	0	19473	0	0	19473
chr11	108235716	0	0	0	18450	18450
chr11	108244055	0	21433	0	0	21433
chr11	108250844	0	19343	0	0	19343
chr11	108250981	0	0	20286	0	20286
chr11	108267235	0	0	20771	2	20773
chr11	108271273	0	16049	0	0	16049
chr11	108289680	0	18514	0	0	18514
chr11	108292750	0	19451	0	0	19451
chr11	108299734	0	0	16465	0	16465
chr11	108304684	0	0	18481	0	18481
chr11	108304801	0	21018	0	2	21020
chr11	108307915	0	0	20760	0	20760
chr11	108316069	0	0	22915	0	22915
chr11	108330234	1	0	22532	0	22533
chr11	108332827	20482	0	0	0	20482
chr11	108335029	0	21182	0	0	21182
chr11	116870374	0	18886	0	0	18886
chr11	119278281	0	0	19776	0	19776
chr11	119278541	0	0	18681	0	18681
chr16	67616813	0	21203	0	2	21205
chr16	67620800	20597	0	0	2	20599
chr16	67621450	0	18551	0	0	18551
chr16	67621484	2	19024	0	0	19026
chr16	67637742	0	0	0	20403	20403
chr17	7670669	0	0	17415	0	17415
chr17	7673728	0	20208	0	0	20208
chr17	7673776	0	0	18886	0	18886
chr17	7673803	0	0	18590	0	18590
chr17	7674886	17806	0	0	0	17806
chr17	7676154	0	8583	9305	0	17888
chr17	60623733	0	0	16759	0	16759
chr17	60663403	0	23194	0	0	23194
chr2	25234374	0	0	18001	0	18001
chr2	25234404	0	17460	0	0	17460
chr2	25235726	15862	0	0	0	15862
chr2	25235788	0	0	15529	0	15529
chr2	25239166	0	0	17333	0	17333
chr2	25240322	0	18174	0	0	18174
chr2	25240360	17049	0	0	0	17049
chr2	25240691	0	0	0	16832	16832
chr2	25241564	0	0	20046	0	20046
chr2	25241570	0	0	19941	0	19941
chr2	25243924	15825	0	0	0	15825
chr2	25243931	0	0	15621	0	15621
chr2	25244234	0	0	15920	0	15920
chr2	25244315	0	0	0	15343	15343
chr2	25244320	15239	0	0	0	15239
chr2	25244321	0	15008	0	0	15008
chr2	25244329	0	0	14462	0	14462
chr2	25244564	17474	0	0	0	17474
chr2	25244604	17359	0	0	0	17359
chr2	25245317	0	16724	0	0	16724
chr2	25246050	0	18828	0	0	18828
chr2	25246661	0	16936	0	0	16936
chr2	25247094	0	0	0	16825	16825
chr20	32433509	0	0	18420	0	18420
chr20	32435050	0	18890	0	0	18890
chr20	32435444	0	19678	0	0	19678
chr20	32435669	19174	0	0	0	19174
chr20	32435765	0	19457	0	0	19457
chr20	32436529	0	19178	0	3	19181
chr21	34799450	18349	0	0	0	18349
chr21	34859571	0	0	16766	0	16766
chr21	34880568	0	18317	0	0	18317
chr21	34880682	0	0	21317	0	21317
chr22	28694072	0	6076	0	0	6076
chr22	28695852	0	21	0	20466	20487
chr22	28725277	0	22195	0	1	22196
chr22	28725333	0	0	21974	0	21974
chr3	128486108	0	13739	0	0	13739
chr4	105234615	0	20892	0	0	20892
chr4	105234748	20962	0	0	0	20962
chr4	105236198	0	0	0	20609	20609
chr4	105237217	0	19985	0	0	19985
chr4	105241411	0	0	16778	0	16778
chr4	105269640	0	17596	0	0	17596
chr4	105275794	19342	0	0	0	19342
chr4	105275843	18766	0	0	0	18766
chr7	148809093	0	17413	0	0	17413
chr7	148809359	0	0	15604	0	15604
chr7	148810344	0	0	0	19179	19179
chr7	148810374	0	0	0	19074	19074
chr7	148810383	0	19138	0	0	19138
chr7	148811627	0	20120	0	0	20120
chr7	148814973	0	0	17443	0	17443
chr7	148826504	0	16920	0	0	16920
chr7	148826570	18069	0	0	0	18069
chr7	148826583	18500	0	0	0	18500
chr7	148826616	0	17174	0	0	17174
chr8	116847581	0	20048	0	0	20048
chr8	116851985	0	19365	0	0	19365
chr8	116854333	0	0	0	17552	17552
chr8	116854470	0	0	0	17491	17491
chr8	116861895	0	0	15527	0	15527
chr9	83970251	19241	0	0	0	19241
chr9	83972891	0	18001	0	2	18003
chrX	40055368	0	9306	0	0	9306
chrX	40062162	0	0	8566	0	8566
chrX	40063806	0	0	9017	0	9017
chrX	40064410	0	9128	0	0	9128
chrX	40064506	0	0	9547	0	9547
chrX	40070996	0	0	9376	0	9376
chrX	40072912	0	9804	0	0	9804
chrX	40073385	0	0	9822	0	9822
chrX	40073476	0	0	9927	0	9927
chrX	40074322	0	0	9842	0	9842
chrX	40074655	0	0	9889	0	9889
chrX	53396510	5	9661	0	0	9666
chrX	124047433	8647	0	0	0	8647
chrX	124081461	0	10020	0	0	10020
chrX	124086638	0	10225	0	0	10225
chrX	134393949	0	0	8839	0	8839
chrX	134413560	0	0	9325	0	9325
chrX	155071546	0	5500	0	0	5500
