#CHR	POS	Count_A	Count_C	Count_G	Count_T	Good_depth
chr1	1789203	0	0	11990	0	11990
chr1	1804439	0	9886	0	0	9886
chr1	190098048	0	11337	0	0	11337
chr1	190098133	0	11032	0	0	11032
chr1	190098223	0	0	11290	0	11290
chr1	190098730	0	11665	0	0	11665
chr1	190098760	0	11710	0	0	11710
chr1	190098761	1	0	11297	0	11298
chr1	190098794	0	11773	0	0	11773
chr1	190098799	0	11615	0	2	11617
chr1	190098808	0	0	11241	0	11241
chr1	190099081	0	0	0	9997	9997
chr1	190099126	0	0	9391	0	9391
chr10	110602143	0	10610	0	0	10610
chr10	110602972	0	10761	0	0	10761
chr11	32389172	0	11322	0	0	11322
chr11	108235716	0	0	0	10101	10101
chr11	108244055	0	10224	0	0	10224
chr11	108250844	0	10035	0	0	10035
chr11	108250981	0	0	10788	0	10788
chr11	108267235	0	0	11526	0	11526
chr11	108271273	0	8762	0	0	8762
chr11	108289680	0	10207	0	0	10207
chr11	108292750	0	10603	0	0	10603
chr11	108299734	0	0	10059	0	10059
chr11	108304684	0	0	10045	0	10045
chr11	108304801	0	10730	0	0	10730
chr11	108307915	0	0	11129	0	11129
chr11	108316069	0	0	12033	0	12033
chr11	108330234	0	0	12116	0	12116
chr11	108332827	10680	0	0	0	10680
chr11	108335029	0	11185	0	0	11185
chr11	116870374	2	11486	0	0	11488
chr11	119278281	0	0	10921	0	10921
chr11	119278541	0	0	10669	0	10669
chr16	67616813	0	12072	0	0	12072
chr16	67620800	12478	0	0	0	12478
chr16	67621450	0	10635	0	0	10635
chr16	67621484	0	10637	0	0	10637
chr16	67637742	0	0	0	11894	11894
chr17	7670669	0	0	11039	0	11039
chr17	7673728	0	12266	0	0	12266
chr17	7673776	0	0	11874	0	11874
chr17	7673803	0	0	11751	0	11751
chr17	7674886	11552	0	0	0	11552
chr17	7676154	0	11176	0	0	11176
chr17	60623733	0	0	9341	0	9341
chr17	60663403	0	12413	0	0	12413
chr2	25234374	0	0	11063	0	11063
chr2	25234404	0	10733	0	0	10733
chr2	25235726	9877	0	0	0	9877
chr2	25235788	0	0	9956	0	9956
chr2	25239166	0	0	11146	0	11146
chr2	25240322	0	11660	0	0	11660
chr2	25240360	10537	0	0	0	10537
chr2	25240691	0	0	0	11369	11369
chr2	25241564	0	0	12742	0	12742
chr2	25241570	0	0	12656	1	12657
chr2	25243924	10407	0	0	0	10407
chr2	25243931	0	0	10470	0	10470
chr2	25244234	0	0	11323	0	11323
chr2	25244315	0	0	0	10886	10886
chr2	25244320	10828	0	0	0	10828
chr2	25244321	0	10731	0	0	10731
chr2	25244329	0	0	10299	0	10299
chr2	25244564	12169	0	0	0	12169
chr2	25244604	12195	0	0	0	12195
chr2	25245317	0	11620	0	0	11620
chr2	25246050	0	12295	0	0	12295
chr2	25246661	0	11961	0	0	11961
chr2	25247094	0	0	0	11678	11678
chr20	32433509	0	0	11883	0	11883
chr20	32435050	0	12091	0	0	12091
chr20	32435444	0	12152	0	0	12152
chr20	32435669	12071	0	0	0	12071
chr20	32435765	0	12203	0	0	12203
chr20	32436529	0	12088	0	1	12089
chr21	34799450	10655	0	0	0	10655
chr21	34859571	0	0	9410	0	9410
chr21	34880568	0	9546	0	0	9546
chr21	34880682	0	0	10945	0	10945
chr22	28694072	0	4424	0	0	4424
chr22	28695852	0	2	0	12110	12112
chr22	28725277	0	12207	0	0	12207
chr22	28725333	0	0	12198	0	12198
chr3	128486108	0	4787	0	4543	9330
chr4	105234615	0	11718	0	0	11718
chr4	105234748	11806	0	0	0	11806
chr4	105236198	0	0	0	11641	11641
chr4	105237217	0	11193	0	0	11193
chr4	105241411	0	0	9013	0	9013
chr4	105269640	0	10258	0	0	10258
chr4	105275794	5678	0	5265	0	10943
chr4	105275843	11491	0	0	0	11491
chr7	148809093	0	9856	0	0	9856
chr7	148809359	0	0	9090	0	9090
chr7	148810344	0	0	0	12041	12041
chr7	148810374	0	0	0	11825	11825
chr7	148810383	0	11917	0	0	11917
chr7	148811627	0	12266	0	0	12266
chr7	148814973	0	0	9861	0	9861
chr7	148826504	0	9282	0	0	9282
chr7	148826570	9935	0	0	0	9935
chr7	148826583	10064	0	0	0	10064
chr7	148826616	0	9100	0	0	9100
chr8	116847581	0	11071	0	0	11071
chr8	116851985	0	11134	0	0	11134
chr8	116854333	0	0	0	9375	9375
chr8	116854470	0	0	0	9394	9394
chr8	116861895	0	0	8694	0	8694
chr9	83970251	10192	0	0	0	10192
chr9	83972891	0	10083	0	0	10083
chrX	40055368	0	10842	0	0	10842
chrX	40062162	0	0	10888	0	10888
chrX	40063806	0	0	10748	0	10748
chrX	40064410	0	11813	0	0	11813
chrX	40064506	0	0	12020	0	12020
chrX	40070996	0	0	11222	0	11222
chrX	40072912	0	12116	0	0	12116
chrX	40073385	0	0	12891	0	12891
chrX	40073476	0	0	12854	0	12854
chrX	40074322	0	0	12297	0	12297
chrX	40074655	0	0	12770	0	12770
chrX	53396510	0	10542	0	0	10542
chrX	124047433	7211	0	0	0	7211
chrX	124081461	0	8822	0	0	8822
chrX	124086638	0	10046	0	0	10046
chrX	134393949	1	0	7773	0	7774
chrX	134413560	0	0	8494	0	8494
chrX	155071546	0	8404	0	0	8404
