#CHR	POS	Count_A	Count_C	Count_G	Count_T	Good_depth
chr1	1789203	0	0	368	0	368
chr1	1804439	0	246	0	0	246
chr1	190098048	0	426	0	0	426
chr1	190098133	0	521	0	0	521
chr1	190098223	0	0	566	0	566
chr1	190098730	0	307	0	0	307
chr1	190098760	0	297	0	0	297
chr1	190098761	0	0	298	0	298
chr1	190098794	0	281	0	0	281
chr1	190098799	0	279	0	0	279
chr1	190098808	0	0	260	0	260
chr1	190099081	0	0	0	128	128
chr1	190099126	0	0	125	0	125
chr10	110602143	0	277	0	0	277
chr10	110602972	0	234	0	0	234
chr11	32389172	0	227	0	0	227
chr11	108235716	0	0	0	354	354
chr11	108244055	0	1003	0	0	1003
chr11	108250844	0	741	0	0	741
chr11	108250981	0	0	641	0	641
chr11	108267235	0	0	1066	0	1066
chr11	108271273	0	789	0	0	789
chr11	108289680	0	289	0	0	289
chr11	108292750	0	310	0	0	310
chr11	108299734	0	0	346	0	346
chr11	108304684	0	0	445	0	445
chr11	108304801	0	642	0	0	642
chr11	108307915	0	0	798	0	798
chr11	108316069	0	0	2519	0	2519
chr11	108330234	0	0	1992	0	1992
chr11	108332827	489	0	0	0	489
chr11	108335029	0	560	0	0	560
chr11	116870374	0	275	0	0	275
chr11	119278281	0	0	190	0	190
chr11	119278541	0	0	178	0	178
chr16	67616813	0	1317	0	0	1317
chr16	67620800	1351	0	0	0	1351
chr16	67621450	0	608	0	0	608
chr16	67621484	0	779	0	0	779
chr16	67637742	0	0	0	557	557
chr17	7670669	0	0	118	0	118
chr17	7673728	0	1381	0	0	1381
chr17	7673776	0	0	1695	0	1695
chr17	7673803	0	0	1721	0	1721
chr17	7674886	171	0	0	0	171
chr17	7676154	0	0	209	0	209
chr17	60623733	0	0	195	0	195
chr17	60663403	0	2783	0	0	2783
chr2	25234374	0	0	163	0	163
chr2	25234404	0	143	0	0	143
chr2	25235726	191	0	0	0	191
chr2	25235788	0	0	184	0	184
chr2	25239166	0	0	141	0	141
chr2	25240322	0	130	0	0	130
chr2	25240360	125	0	0	0	125
chr2	25240691	0	0	0	67	67
chr2	25241564	0	0	568	0	568
chr2	25241570	0	0	593	0	593
chr2	25243924	79	0	0	0	79
chr2	25243931	0	0	82	0	82
chr2	25244234	0	0	173	0	173
chr2	25244315	0	0	0	141	141
chr2	25244320	144	0	0	0	144
chr2	25244321	0	144	0	0	144
chr2	25244329	0	0	135	0	135
chr2	25244564	126	0	0	0	126
chr2	25244604	136	0	0	0	136
chr2	25245317	0	155	0	0	155
chr2	25246050	0	142	0	0	142
chr2	25246661	0	66	0	0	66
chr2	25247094	0	0	0	103	103
chr20	32433509	0	0	258	0	258
chr20	32435050	0	193	0	0	193
chr20	32435444	0	232	0	0	232
chr20	32435669	191	0	0	0	191
chr20	32435765	0	184	0	0	184
chr20	32436529	0	149	0	0	149
chr21	34799450	166	0	0	0	166
chr21	34859571	0	0	187	0	187
chr21	34880568	0	139	0	0	139
chr21	34880682	0	0	183	0	183
chr22	28694072	0	545	0	0	545
chr22	28695852	0	2	0	4398	4400
chr22	28725277	0	1091	0	0	1091
chr22	28725333	0	0	1039	0	1039
chr3	128486108	0	50	0	0	50
chr4	105234615	0	202	0	0	202
chr4	105234748	209	0	0	0	209
chr4	105236198	0	0	0	320	320
chr4	105237217	0	256	0	0	256
chr4	105241411	0	0	153	0	153
chr4	105269640	0	119	0	0	119
chr4	105275794	168	0	0	0	168
chr4	105275843	164	0	0	0	164
chr7	148809093	0	153	0	0	153
chr7	148809359	0	0	99	0	99
chr7	148810344	0	0	0	1043	1043
chr7	148810374	0	0	0	960	960
chr7	148810383	0	929	0	0	929
chr7	148811627	0	915	0	0	915
chr7	148814973	0	0	110	0	110
chr7	148826504	0	149	0	0	149
chr7	148826570	185	1	0	0	186
chr7	148826583	181	0	0	0	181
chr7	148826616	0	160	0	0	160
chr8	116847581	0	203	0	0	203
chr8	116851985	0	218	0	0	218
chr8	116854333	0	0	0	156	156
chr8	116854470	0	0	0	152	152
chr8	116861895	0	0	127	0	127
chr9	83970251	130	0	0	0	130
chr9	83972891	0	124	0	0	124
chrX	40055368	0	429	0	0	429
chrX	40062162	0	0	295	0	295
chrX	40063806	0	0	362	0	362
chrX	40064410	0	135	0	0	135
chrX	40064506	0	0	157	0	157
chrX	40070996	0	0	425	0	425
chrX	40072912	0	685	0	0	685
chrX	40073385	0	0	790	0	790
chrX	40073476	0	0	828	0	828
chrX	40074322	0	0	580	0	580
chrX	40074655	0	0	661	0	661
chrX	53396510	0	45	0	0	45
chrX	124047433	35	0	0	0	35
chrX	124081461	0	61	0	0	61
chrX	124086638	0	63	0	0	63
chrX	134393949	0	0	80	0	80
chrX	134413560	0	0	75	0	75
chrX	155071546	0	295	0	0	295
