#CHR	POS	Count_A	Count_C	Count_G	Count_T	Good_depth
chr1	1789203	0	1	13528	0	13529
chr1	1804439	0	11359	0	0	11359
chr1	190098048	0	13691	0	3	13694
chr1	190098133	0	13309	0	0	13309
chr1	190098223	0	0	13369	0	13369
chr1	190098730	0	13770	0	0	13770
chr1	190098760	0	13881	0	0	13881
chr1	190098761	0	0	13385	0	13385
chr1	190098794	0	13861	0	0	13861
chr1	190098799	0	13721	0	0	13721
chr1	190098808	0	0	13458	0	13458
chr1	190099081	0	0	0	12045	12045
chr1	190099126	0	0	11273	0	11273
chr10	110602143	0	12758	0	0	12758
chr10	110602972	0	13071	2	0	13073
chr11	32389172	0	13170	0	0	13170
chr11	108235716	0	0	0	12221	12221
chr11	108244055	0	12597	0	0	12597
chr11	108250844	0	12002	0	0	12002
chr11	108250981	3	0	12834	0	12837
chr11	108267235	0	0	13800	0	13800
chr11	108271273	0	10905	0	0	10905
chr11	108289680	0	12390	0	0	12390
chr11	108292750	0	12781	0	0	12781
chr11	108299734	0	0	11941	0	11941
chr11	108304684	0	0	12241	0	12241
chr11	108304801	0	13098	0	0	13098
chr11	108307915	0	0	13317	0	13317
chr11	108316069	0	0	14476	0	14476
chr11	108330234	0	0	14265	0	14265
chr11	108332827	13291	0	0	0	13291
chr11	108335029	0	13363	0	0	13363
chr11	116870374	2	13430	0	0	13432
chr11	119278281	0	0	13041	0	13041
chr11	119278541	0	0	12719	0	12719
chr16	67616813	0	14055	0	0	14055
chr16	67620800	14462	0	0	0	14462
chr16	67621450	0	12666	0	0	12666
chr16	67621484	0	12529	0	0	12529
chr16	67637742	0	0	0	13693	13693
chr17	7670669	0	0	12639	0	12639
chr17	7673728	0	14240	0	0	14240
chr17	7673776	0	0	13795	0	13795
chr17	7673803	0	0	13730	0	13730
chr17	7674886	12985	0	0	0	12985
chr17	7676154	0	0	13855	0	13855
chr17	60623733	0	0	11027	0	11027
chr17	60663403	0	14489	0	0	14489
chr2	25234374	0	0	12510	0	12510
chr2	25234404	0	11958	0	0	11958
chr2	25235726	11294	0	0	0	11294
chr2	25235788	0	0	11274	0	11274
chr2	25239166	0	0	12289	0	12289
chr2	25240322	0	13545	0	0	13545
chr2	25240360	12779	0	0	0	12779
chr2	25240691	0	0	0	12818	12818
chr2	25241564	0	0	14528	0	14528
chr2	25241570	0	1	14468	0	14469
chr2	25243924	11771	0	0	0	11771
chr2	25243931	0	0	11848	0	11848
chr2	25244234	0	0	12572	1	12573
chr2	25244315	0	0	0	12124	12124
chr2	25244320	12100	0	0	0	12100
chr2	25244321	0	12003	0	0	12003
chr2	25244329	0	0	11530	0	11530
chr2	25244564	13523	0	0	0	13523
chr2	25244604	13408	0	0	0	13408
chr2	25245317	0	13092	0	0	13092
chr2	25246050	0	13860	0	0	13860
chr2	25246661	0	13410	0	0	13410
chr2	25247094	0	0	0	12982	12982
chr20	32433509	0	0	13402	1	13403
chr20	32435050	0	13669	0	0	13669
chr20	32435444	0	13964	0	0	13964
chr20	32435669	13672	0	0	0	13672
chr20	32435765	0	13970	0	0	13970
chr20	32436529	0	14231	0	0	14231
chr21	34799450	12576	0	0	0	12576
chr21	34859571	0	0	10905	0	10905
chr21	34880568	0	11221	0	0	11221
chr21	34880682	0	0	12953	0	12953
chr22	28694072	0	4662	0	0	4662
chr22	28695852	0	8	0	13961	13969
chr22	28725277	0	14436	0	0	14436
chr22	28725333	0	0	14244	0	14244
chr3	128486108	0	10634	0	0	10634
chr4	105234615	0	13622	0	0	13622
chr4	105234748	13805	0	0	0	13805
chr4	105236198	0	0	0	13670	13670
chr4	105237217	2	13262	0	0	13264
chr4	105241411	0	0	10658	0	10658
chr4	105269640	0	12018	0	0	12018
chr4	105275794	13546	0	0	0	13546
chr4	105275843	13647	0	0	0	13647
chr7	148809093	0	11416	0	0	11416
chr7	148809359	0	0	10622	0	10622
chr7	148810344	0	0	0	14306	14306
chr7	148810374	0	0	0	14078	14078
chr7	148810383	2	14017	0	0	14019
chr7	148811627	0	14529	0	0	14529
chr7	148814973	0	0	11519	0	11519
chr7	148826504	0	10650	0	0	10650
chr7	148826570	11420	0	0	0	11420
chr7	148826583	11677	0	0	2	11679
chr7	148826616	0	10610	0	0	10610
chr8	116847581	0	13384	0	0	13384
chr8	116851985	0	13408	0	0	13408
chr8	116854333	0	3	0	11448	11451
chr8	116854470	0	0	0	11071	11071
chr8	116861895	0	0	10395	0	10395
chr9	83970251	12077	0	0	0	12077
chr9	83972891	0	11737	0	0	11737
chrX	40055368	0	12664	0	0	12664
chrX	40062162	2	0	12315	0	12317
chrX	40063806	5	0	12434	0	12439
chrX	40064410	0	13324	0	0	13324
chrX	40064506	0	0	13770	0	13770
chrX	40070996	1	0	13156	0	13157
chrX	40072912	0	13855	0	0	13855
chrX	40073385	3	0	14626	0	14629
chrX	40073476	0	0	14558	0	14558
chrX	40074322	0	0	13787	0	13787
chrX	40074655	0	0	14289	0	14289
chrX	53396510	0	12115	0	0	12115
chrX	124047433	8418	0	0	0	8418
chrX	124081461	0	10152	0	0	10152
chrX	124086638	0	12108	0	0	12108
chrX	134393949	0	0	9383	0	9383
chrX	134413560	3	0	9843	0	9846
chrX	155071546	0	9370	0	0	9370
