#CHR	POS	Count_A	Count_C	Count_G	Count_T	Good_depth
chr1	1789203	0	0	5231	0	5231
chr1	1804439	0	2647	0	0	2647
chr1	190098048	0	1057	0	0	1057
chr1	190098133	0	1362	0	0	1362
chr1	190098223	0	0	1596	0	1596
chr1	190098730	0	1668	0	0	1668
chr1	190098760	0	2091	0	0	2091
chr1	190098761	0	0	2097	0	2097
chr1	190098794	0	2935	0	0	2935
chr1	190098799	0	3056	0	0	3056
chr1	190098808	0	0	3342	0	3342
chr1	190099081	0	0	0	3891	3891
chr1	190099126	0	0	2305	0	2305
chr10	110602143	0	378	0	0	378
chr10	110602972	0	694	0	0	694
chr11	32389172	0	3039	0	0	3039
chr11	108235716	0	0	0	561	561
chr11	108244055	0	1249	0	0	1249
chr11	108250844	0	1790	0	0	1790
chr11	108250981	0	0	1227	0	1227
chr11	108267235	0	0	2577	0	2577
chr11	108271273	0	517	0	0	517
chr11	108289680	0	237	0	0	237
chr11	108292750	0	620	0	0	620
chr11	108299734	0	0	391	0	391
chr11	108304684	0	0	800	0	800
chr11	108304801	0	1753	0	0	1753
chr11	108307915	0	0	2163	0	2163
chr11	108316069	0	0	3455	0	3455
chr11	108330234	0	0	2117	0	2117
chr11	108332827	609	0	0	0	609
chr11	108335029	0	1233	0	0	1233
chr11	116870374	0	5550	0	0	5550
chr11	119278281	0	0	855	0	855
chr11	119278541	0	0	909	0	909
chr16	67616813	0	5629	0	0	5629
chr16	67620800	3829	0	0	0	3829
chr16	67621450	0	1407	0	0	1407
chr16	67621484	0	2012	0	0	2012
chr16	67637742	0	0	0	4150	4150
chr17	7670669	0	0	5929	0	5929
chr17	7673728	0	6938	0	0	6938
chr17	7673776	0	0	6691	0	6691
chr17	7673803	0	0	6176	0	6176
chr17	7674886	5136	0	0	0	5136
chr17	7676154	0	5904	0	0	5904
chr17	60623733	0	0	792	0	792
chr17	60663403	0	3549	0	0	3549
chr2	25234374	0	0	6541	0	6541
chr2	25234404	0	6547	0	0	6547
chr2	25235726	4141	0	0	0	4141
chr2	25235788	0	0	2814	0	2814
chr2	25239166	0	0	5881	0	5881
chr2	25240322	0	5350	0	0	5350
chr2	25240360	5310	0	0	0	5310
chr2	25240691	0	0	0	5051	5051
chr2	25241564	0	0	7903	0	7903
chr2	25241570	0	0	7934	0	7934
chr2	25243924	6157	0	0	0	6157
chr2	25243931	0	0	6267	0	6267
chr2	25244234	0	0	7382	0	7382
chr2	25244315	0	0	0	6471	6471
chr2	25244320	6409	0	0	0	6409
chr2	25244321	0	6404	0	0	6404
chr2	25244329	0	0	6168	0	6168
chr2	25244564	7249	0	0	0	7249
chr2	25244604	7424	0	0	0	7424
chr2	25245317	0	6663	0	0	6663
chr2	25246050	0	8310	0	0	8310
chr2	25246661	0	6497	0	0	6497
chr2	25247094	0	0	0	7093	7093
chr20	32433509	0	0	5063	0	5063
chr20	32435050	0	5631	0	0	5631
chr20	32435444	0	1532	0	0	1532
chr20	32435669	3784	0	0	0	3784
chr20	32435765	0	4137	0	0	4137
chr20	32436529	0	2189	0	0	2189
chr21	34799450	3502	0	0	0	3502
chr21	34859571	0	0	3837	0	3837
chr21	34880568	0	1107	0	0	1107
chr21	34880682	0	0	1961	0	1961
chr22	28694072	0	2939	0	0	2939
chr22	28695852	0	22	0	2373	2395
chr22	28725277	0	2170	0	0	2170
chr22	28725333	0	0	2383	0	2383
chr3	128486108	0	3476	0	3417	6893
chr4	105234615	0	1437	0	0	1437
chr4	105234748	4658	0	0	0	4658
chr4	105236198	0	0	0	605	605
chr4	105237217	0	486	0	0	486
chr4	105241411	0	0	567	0	567
chr4	105269640	0	3530	0	0	3530
chr4	105275794	596	0	553	0	1149
chr4	105275843	1246	0	0	0	1246
chr7	148809093	0	1000	0	0	1000
chr7	148809359	0	0	236	0	236
chr7	148810344	0	0	0	4451	4451
chr7	148810374	0	0	0	3293	3293
chr7	148810383	0	2951	0	0	2951
chr7	148811627	0	2228	0	0	2228
chr7	148814973	0	0	1332	0	1332
chr7	148826504	0	904	0	0	904
chr7	148826570	1112	0	0	0	1112
chr7	148826583	1103	0	0	0	1103
chr7	148826616	0	853	0	0	853
chr8	116847581	0	805	0	0	805
chr8	116851985	0	1393	0	0	1393
chr8	116854333	0	0	0	544	544
chr8	116854470	0	0	0	446	446
chr8	116861895	0	0	413	0	413
chr9	83970251	644	0	0	0	644
chr9	83972891	0	303	0	0	303
chrX	40055368	0	1853	0	0	1853
chrX	40062162	0	0	8244	0	8244
chrX	40063806	0	0	6283	0	6283
chrX	40064410	0	8591	0	0	8591
chrX	40064506	0	0	8451	0	8451
chrX	40070996	0	0	4873	0	4873
chrX	40072912	0	5780	0	0	5780
chrX	40073385	0	0	7732	0	7732
chrX	40073476	0	0	8663	0	8663
chrX	40074322	0	0	9102	0	9102
chrX	40074655	0	0	8643	0	8643
chrX	53396510	0	3940	0	0	3940
chrX	124047433	339	0	0	0	339
chrX	124081461	0	222	0	0	222
chrX	124086638	0	1023	0	0	1023
chrX	134393949	0	0	175	0	175
chrX	134413560	0	0	183	0	183
chrX	155071546	0	6084	0	0	6084
