#CHR	POS	Count_A	Count_C	Count_G	Count_T	Good_depth
chr1	1789203	2	0	19972	0	19974
chr1	1804439	0	17905	0	0	17905
chr1	190098048	0	21126	0	0	21126
chr1	190098133	0	20514	0	0	20514
chr1	190098223	0	0	20592	0	20592
chr1	190098730	0	20483	0	0	20483
chr1	190098760	0	20444	0	0	20444
chr1	190098761	0	0	19881	0	19881
chr1	190098794	0	20799	0	2	20801
chr1	190098799	0	20646	0	0	20646
chr1	190098808	0	0	20067	0	20067
chr1	190099081	0	0	0	17901	17901
chr1	190099126	0	0	17026	0	17026
chr10	110602143	0	20102	0	1	20103
chr10	110602972	0	20308	0	0	20308
chr11	32389172	0	19459	0	0	19459
chr11	108235716	3	0	0	19972	19975
chr11	108244055	0	21062	0	0	21062
chr11	108250844	0	19336	0	0	19336
chr11	108250981	0	0	20899	0	20899
chr11	108267235	0	0	20975	0	20975
chr11	108271273	0	16880	0	0	16880
chr11	108289680	0	19332	0	0	19332
chr11	108292750	0	20080	0	0	20080
chr11	108299734	0	0	18283	0	18283
chr11	108304684	0	0	19345	0	19345
chr11	108304801	0	21294	0	0	21294
chr11	108307915	1	0	21244	0	21245
chr11	108316069	1	0	23072	0	23073
chr11	108330234	2	0	22524	0	22526
chr11	108332827	21249	0	0	0	21249
chr11	108335029	0	21439	0	0	21439
chr11	116870374	3	19249	0	0	19252
chr11	119278281	2	0	20276	0	20278
chr11	119278541	0	0	19563	0	19563
chr16	67616813	0	21269	0	1	21270
chr16	67620800	22259	0	0	0	22259
chr16	67621450	0	19283	0	0	19283
chr16	67621484	0	19610	0	0	19610
chr16	67637742	0	0	0	20225	20225
chr17	7670669	0	0	18478	0	18478
chr17	7673728	0	20515	0	0	20515
chr17	7673776	2	0	19751	0	19753
chr17	7673803	0	0	19632	0	19632
chr17	7674886	18833	0	0	0	18833
chr17	7676154	0	18212	3	0	18215
chr17	60623733	0	0	16988	0	16988
chr17	60663403	0	22682	0	0	22682
chr2	25234374	0	0	18194	0	18194
chr2	25234404	0	17499	0	0	17499
chr2	25235726	16203	0	0	0	16203
chr2	25235788	0	0	16112	0	16112
chr2	25239166	0	0	17447	0	17447
chr2	25240322	0	18792	0	0	18792
chr2	25240360	18012	0	0	0	18012
chr2	25240691	0	0	0	18142	18142
chr2	25241564	0	0	20840	0	20840
chr2	25241570	0	0	20753	0	20753
chr2	25243924	16427	0	0	0	16427
chr2	25243931	0	0	16364	0	16364
chr2	25244234	0	0	17089	0	17089
chr2	25244315	0	0	0	16550	16550
chr2	25244320	16424	0	0	0	16424
chr2	25244321	0	16189	0	0	16189
chr2	25244329	0	0	15497	0	15497
chr2	25244564	18677	0	0	0	18677
chr2	25244604	18650	0	0	0	18650
chr2	25245317	0	17694	0	0	17694
chr2	25246050	0	19448	0	1	19449
chr2	25246661	0	17947	0	0	17947
chr2	25247094	0	0	0	18052	18052
chr20	32433509	0	0	19733	0	19733
chr20	32435050	0	19910	0	0	19910
chr20	32435444	0	20741	0	0	20741
chr20	32435669	19987	0	0	0	19987
chr20	32435765	0	20379	0	0	20379
chr20	32436529	0	20619	0	4	20623
chr21	34799450	19015	0	7	0	19022
chr21	34859571	0	0	16490	0	16490
chr21	34880568	0	17539	0	0	17539
chr21	34880682	0	0	20733	0	20733
chr22	28694072	0	7503	0	3	7506
chr22	28695852	0	9	0	21103	21112
chr22	28725277	0	22297	0	0	22297
chr22	28725333	0	0	22049	0	22049
chr3	128486108	0	7300	0	6889	14189
chr4	105234615	0	21419	0	0	21419
chr4	105234748	21129	0	0	0	21129
chr4	105236198	0	0	0	21455	21455
chr4	105237217	0	21004	0	0	21004
chr4	105241411	0	0	16627	0	16627
chr4	105269640	0	17912	0	16	17928
chr4	105275794	10401	0	9396	0	19797
chr4	105275843	20636	0	2	0	20638
chr7	148809093	0	17705	0	0	17705
chr7	148809359	0	0	16026	0	16026
chr7	148810344	0	0	0	20839	20839
chr7	148810374	0	0	0	20613	20613
chr7	148810383	0	20526	0	0	20526
chr7	148811627	0	22002	0	0	22002
chr7	148814973	2	0	17296	0	17298
chr7	148826504	0	16520	0	0	16520
chr7	148826570	17801	0	0	0	17801
chr7	148826583	18174	0	0	0	18174
chr7	148826616	0	16614	0	0	16614
chr8	116847581	0	20515	0	0	20515
chr8	116851985	0	20400	0	2	20402
chr8	116854333	0	0	0	16976	16976
chr8	116854470	0	0	0	16865	16865
chr8	116861895	0	0	15732	0	15732
chr9	83970251	19320	0	0	0	19320
chr9	83972891	0	18989	0	9	18998
chrX	40055368	0	18924	0	0	18924
chrX	40062162	0	0	16537	0	16537
chrX	40063806	0	0	17871	0	17871
chrX	40064410	0	18748	0	0	18748
chrX	40064506	0	0	19109	0	19109
chrX	40070996	0	0	19457	0	19457
chrX	40072912	0	19909	0	0	19909
chrX	40073385	0	0	20948	0	20948
chrX	40073476	0	0	20538	0	20538
chrX	40074322	0	4	19925	0	19929
chrX	40074655	0	0	20472	0	20472
chrX	53396510	0	17589	0	0	17589
chrX	124047433	12322	0	0	0	12322
chrX	124081461	0	15489	0	0	15489
chrX	124086638	3	17943	0	0	17946
chrX	134393949	1	0	14290	0	14291
chrX	134413560	0	0	14856	0	14856
chrX	155071546	0	12564	0	0	12564
