#CHR	POS	Count_A	Count_C	Count_G	Count_T	Good_depth
chr1	1789203	0	0	14030	0	14030
chr1	1804439	0	11619	0	0	11619
chr1	190098048	0	14469	0	0	14469
chr1	190098133	0	14307	0	0	14307
chr1	190098223	0	0	14587	0	14587
chr1	190098730	0	14766	0	1	14767
chr1	190098760	0	14993	0	0	14993
chr1	190098761	0	0	14547	0	14547
chr1	190098794	0	14946	0	0	14946
chr1	190098799	0	14838	0	0	14838
chr1	190098808	0	0	14529	0	14529
chr1	190099081	0	0	0	12317	12317
chr1	190099126	0	0	11128	0	11128
chr10	110602143	0	13250	0	0	13250
chr10	110602972	0	13519	0	0	13519
chr11	32389172	0	13919	0	0	13919
chr11	108235716	5693	0	0	6432	12125
chr11	108244055	0	13640	0	0	13640
chr11	108250844	0	12997	0	0	12997
chr11	108250981	0	0	14489	0	14489
chr11	108267235	0	0	15189	0	15189
chr11	108271273	0	11020	0	0	11020
chr11	108289680	0	12535	0	0	12535
chr11	108292750	0	13341	0	0	13341
chr11	108299734	0	0	12141	0	12141
chr11	108304684	0	0	12958	0	12958
chr11	108304801	0	14309	0	0	14309
chr11	108307915	0	0	14540	0	14540
chr11	108316069	0	0	16203	0	16203
chr11	108330234	0	0	16050	0	16050
chr11	108332827	14156	0	0	0	14156
chr11	108335029	0	14825	0	0	14825
chr11	116870374	2	13956	0	0	13958
chr11	119278281	0	0	13297	0	13297
chr11	119278541	0	0	12968	0	12968
chr16	67616813	0	15206	0	0	15206
chr16	67620800	16248	0	0	0	16248
chr16	67621450	0	13357	0	0	13357
chr16	67621484	0	13452	0	0	13452
chr16	67637742	0	0	0	14278	14278
chr17	7670669	0	0	13044	0	13044
chr17	7673728	0	15537	0	0	15537
chr17	7673776	0	0	15163	0	15163
chr17	7673803	0	0	15199	0	15199
chr17	7674886	13695	0	0	0	13695
chr17	7676154	0	6614	7337	0	13951
chr17	60623733	0	0	10572	0	10572
chr17	60663403	0	16223	0	0	16223
chr2	25234374	0	0	12944	0	12944
chr2	25234404	0	12171	0	0	12171
chr2	25235726	10663	0	0	0	10663
chr2	25235788	0	0	10804	0	10804
chr2	25239166	0	0	12546	0	12546
chr2	25240322	0	13413	0	0	13413
chr2	25240360	12633	0	0	0	12633
chr2	25240691	0	0	0	12409	12409
chr2	25241564	0	0	15603	0	15603
chr2	25241570	0	0	15560	0	15560
chr2	25243924	11761	0	0	0	11761
chr2	25243931	0	0	11960	0	11960
chr2	25244234	0	0	13226	0	13226
chr2	25244315	0	0	0	12552	12552
chr2	25244320	12457	0	0	0	12457
chr2	25244321	0	12411	0	0	12411
chr2	25244329	0	0	11929	0	11929
chr2	25244564	13925	0	0	0	13925
chr2	25244604	13940	0	0	0	13940
chr2	25245317	0	13518	0	0	13518
chr2	25246050	0	14730	0	0	14730
chr2	25246661	0	13923	0	0	13923
chr2	25247094	0	0	0	13510	13510
chr20	32433509	0	0	14523	0	14523
chr20	32435050	0	14923	0	0	14923
chr20	32435444	0	15258	0	0	15258
chr20	32435669	14564	0	0	0	14564
chr20	32435765	0	14985	0	0	14985
chr20	32436529	0	14839	0	0	14839
chr21	34799450	12459	0	0	0	12459
chr21	34859571	0	0	10215	0	10215
chr21	34880568	0	10599	0	0	10599
chr21	34880682	0	0	12827	0	12827
chr22	28694072	0	3460	0	0	3460
chr22	28695852	0	9	0	15182	15191
chr22	28725277	0	16208	0	0	16208
chr22	28725333	0	0	16034	0	16034
chr3	128486108	0	10047	0	0	10047
chr4	105234615	0	14653	0	0	14653
chr4	105234748	14682	0	0	0	14682
chr4	105236198	0	0	0	14845	14845
chr4	105237217	0	14358	0	0	14358
chr4	105241411	0	0	9987	0	9987
chr4	105269640	0	11727	0	0	11727
chr4	105275794	14316	0	0	0	14316
chr4	105275843	14395	0	1	0	14396
chr7	148809093	0	11174	0	0	11174
chr7	148809359	0	0	10175	0	10175
chr7	148810344	0	0	0	15635	15635
chr7	148810374	0	0	0	15450	15450
chr7	148810383	0	15497	0	0	15497
chr7	148811627	0	15760	0	0	15760
chr7	148814973	0	0	10534	0	10534
chr7	148826504	0	10095	0	0	10095
chr7	148826570	10809	0	0	0	10809
chr7	148826583	11130	0	0	0	11130
chr7	148826616	0	10046	0	0	10046
chr8	116847581	0	14428	0	0	14428
chr8	116851985	0	13948	0	0	13948
chr8	116854333	0	0	0	11083	11083
chr8	116854470	0	0	0	10766	10766
chr8	116861895	0	0	9500	0	9500
chr9	83970251	11706	0	0	0	11706
chr9	83972891	0	11476	0	0	11476
chrX	40055368	0	7147	0	0	7147
chrX	40062162	0	0	6764	0	6764
chrX	40063806	0	0	6861	0	6861
chrX	40064410	0	7335	0	0	7335
chrX	40064506	0	0	7548	0	7548
chrX	40070996	0	0	6938	0	6938
chrX	40072912	0	7672	0	0	7672
chrX	40073385	0	0	7919	0	7919
chrX	40073476	0	0	7858	0	7858
chrX	40074322	0	0	7566	0	7566
chrX	40074655	0	0	7767	0	7767
chrX	53396510	0	7348	0	0	7348
chrX	124047433	5540	0	0	0	5540
chrX	124081461	0	6472	0	0	6472
chrX	124086638	0	7219	0	0	7219
chrX	134393949	0	0	5548	0	5548
chrX	134413560	0	0	6294	0	6294
chrX	155071546	0	5029	0	0	5029
