#CHR	POS	Count_A	Count_C	Count_G	Count_T	Good_depth
chr1	1789203	3	0	13483	0	13486
chr1	1804439	0	14892	0	0	14892
chr1	190098048	0	17631	0	0	17631
chr1	190098133	0	15870	0	1	15871
chr1	190098223	0	0	15158	0	15158
chr1	190098730	0	15104	0	1	15105
chr1	190098760	0	14680	0	2	14682
chr1	190098761	2	0	14014	0	14016
chr1	190098794	0	15081	0	0	15081
chr1	190098799	0	14706	0	0	14706
chr1	190098808	0	0	13995	0	13995
chr1	190099081	0	0	0	13990	13990
chr1	190099126	0	0	14361	0	14361
chr10	110602143	0	18436	0	4	18440
chr10	110602972	0	16216	0	0	16216
chr11	32389172	0	14257	0	0	14257
chr11	108235716	0	0	0	19655	19655
chr11	108244055	0	18169	0	0	18169
chr11	108250844	0	15069	0	1	15070
chr11	108250981	0	0	16783	0	16783
chr11	108267235	0	0	17441	0	17441
chr11	108271273	0	14025	0	2	14027
chr11	108289680	0	17460	0	0	17460
chr11	108292750	0	17407	0	0	17407
chr11	108299734	0	0	15737	0	15737
chr11	108304684	0	0	17571	0	17571
chr11	108304801	0	18754	0	1	18755
chr11	108307915	1	0	17698	0	17699
chr11	108316069	0	0	17715	0	17715
chr11	108330234	2	0	17311	0	17313
chr11	108332827	18515	0	0	0	18515
chr11	108335029	0	17853	0	2	17855
chr11	116870374	0	13153	0	0	13153
chr11	119278281	0	0	17282	0	17282
chr11	119278541	1	0	15823	0	15824
chr16	67616813	0	16548	0	2	16550
chr16	67620800	17114	0	0	0	17114
chr16	67621450	0	15496	0	0	15496
chr16	67621484	0	15573	0	0	15573
chr16	67637742	0	0	0	14710	14710
chr17	7670669	0	0	13446	0	13446
chr17	7673728	0	13843	0	0	13843
chr17	7673776	0	0	12918	0	12918
chr17	7673803	0	0	12510	0	12510
chr17	7674886	12022	0	0	0	12022
chr17	7676154	0	0	11787	0	11787
chr17	60623733	2	0	16798	0	16800
chr17	60663403	0	16429	0	3	16432
chr2	25234374	0	0	11557	0	11557
chr2	25234404	0	11400	0	0	11400
chr2	25235726	12748	0	0	0	12748
chr2	25235788	0	0	12398	0	12398
chr2	25239166	0	0	11726	0	11726
chr2	25240322	0	12016	0	0	12016
chr2	25240360	11222	0	0	0	11222
chr2	25240691	0	0	1	12898	12899
chr2	25241564	0	0	14010	0	14010
chr2	25241570	0	0	13799	0	13799
chr2	25243924	10251	0	0	0	10251
chr2	25243931	0	0	10008	0	10008
chr2	25244234	0	0	9388	0	9388
chr2	25244315	0	0	0	9116	9116
chr2	25244320	8931	0	0	0	8931
chr2	25244321	0	8807	0	0	8807
chr2	25244329	0	0	8250	0	8250
chr2	25244564	10822	0	0	0	10822
chr2	25244604	10484	0	0	0	10484
chr2	25245317	0	9821	0	0	9821
chr2	25246050	0	10780	0	2	10782
chr2	25246661	0	9391	0	0	9391
chr2	25247094	0	0	0	10843	10843
chr20	32433509	0	0	13219	0	13219
chr20	32435050	0	12829	0	0	12829
chr20	32435444	1	14379	0	0	14380
chr20	32435669	14334	0	2	0	14336
chr20	32435765	0	13733	0	0	13733
chr20	32436529	0	14507	1	19	14527
chr21	34799450	16950	0	0	0	16950
chr21	34859571	0	0	15691	0	15691
chr21	34880568	0	18261	0	0	18261
chr21	34880682	0	0	20175	0	20175
chr22	28694072	0	10413	0	0	10413
chr22	28695852	0	26	0	15351	15377
chr22	28725277	0	17985	0	0	17985
chr22	28725333	0	0	17535	0	17535
chr3	128486108	0	8051	0	0	8051
chr4	105234615	0	18072	0	0	18072
chr4	105234748	17004	1	0	0	17005
chr4	105236198	0	0	0	16393	16393
chr4	105237217	0	17000	0	1	17001
chr4	105241411	0	0	16729	0	16729
chr4	105269640	0	15540	0	0	15540
chr4	105275794	16283	0	0	0	16283
chr4	105275843	15833	0	0	0	15833
chr7	148809093	0	16097	0	2	16099
chr7	148809359	0	0	14994	0	14994
chr7	148810344	0	0	0	14265	14265
chr7	148810374	0	1	0	14427	14428
chr7	148810383	0	14147	0	0	14147
chr7	148811627	0	16669	0	0	16669
chr7	148814973	0	0	15912	0	15912
chr7	148826504	0	17085	0	0	17085
chr7	148826570	17797	0	0	0	17797
chr7	148826583	18043	0	0	0	18043
chr7	148826616	0	17119	0	0	17119
chr8	116847581	0	16606	0	0	16606
chr8	116851985	0	16534	0	1	16535
chr8	116854333	0	0	0	16631	16631
chr8	116854470	0	0	0	15961	15961
chr8	116861895	0	0	16232	0	16232
chr9	83970251	20129	0	0	0	20129
chr9	83972891	0	18864	0	7	18871
chrX	40055368	0	7839	0	0	7839
chrX	40062162	0	0	4861	0	4861
chrX	40063806	0	0	6093	0	6093
chrX	40064410	0	5682	0	0	5682
chrX	40064506	0	0	6189	0	6189
chrX	40070996	0	0	7152	0	7152
chrX	40072912	0	7110	0	0	7110
chrX	40073385	0	0	6225	0	6225
chrX	40073476	0	0	6673	0	6673
chrX	40074322	0	0	6245	0	6245
chrX	40074655	0	0	6785	0	6785
chrX	53396510	0	7149	0	0	7149
chrX	124047433	8302	0	0	0	8302
chrX	124081461	0	9478	0	0	9478
chrX	124086638	0	8561	0	0	8561
chrX	134393949	7	0	8244	0	8251
chrX	134413560	0	0	8015	0	8015
chrX	155071546	0	3522	0	0	3522
