#CHR	POS	Count_A	Count_C	Count_G	Count_T	Good_depth
chr1	1789203	0	0	15530	0	15530
chr1	1804439	0	11127	0	0	11127
chr1	190098048	0	17424	0	0	17424
chr1	190098133	0	18791	0	0	18791
chr1	190098223	0	0	18935	0	18935
chr1	190098730	0	18018	0	0	18018
chr1	190098760	0	18060	0	0	18060
chr1	190098761	0	0	17610	0	17610
chr1	190098794	0	17964	0	0	17964
chr1	190098799	0	17868	0	0	17868
chr1	190098808	2	0	17647	0	17649
chr1	190099081	0	0	0	13457	13457
chr1	190099126	0	0	12163	0	12163
chr10	110602143	0	14281	0	0	14281
chr10	110602972	0	13114	0	0	13114
chr11	32389172	0	15645	0	0	15645
chr11	108235716	0	0	0	13237	13237
chr11	108244055	0	15019	0	0	15019
chr11	108250844	0	15603	0	0	15603
chr11	108250981	0	0	17973	0	17973
chr11	108267235	0	0	17012	0	17012
chr11	108271273	0	11481	0	0	11481
chr11	108289680	0	12518	0	0	12518
chr11	108292750	0	15050	0	0	15050
chr11	108299734	0	0	11298	0	11298
chr11	108304684	0	0	14011	0	14011
chr11	108304801	0	16826	0	0	16826
chr11	108307915	0	0	16272	0	16272
chr11	108316069	0	0	20483	0	20483
chr11	108330234	1	0	20876	0	20877
chr11	108332827	14995	0	0	0	14995
chr11	108335029	0	17501	0	0	17501
chr11	116870374	0	14113	0	0	14113
chr11	119278281	0	0	12233	0	12233
chr11	119278541	0	0	12028	0	12028
chr16	67616813	0	19287	0	0	19287
chr16	67620800	20207	0	0	0	20207
chr16	67621450	0	15205	0	0	15205
chr16	67621484	1	16170	0	0	16171
chr16	67637742	0	0	0	17414	17414
chr17	7670669	0	0	12157	0	12157
chr17	7673728	0	19075	0	0	19075
chr17	7673776	0	0	18684	0	18684
chr17	7673803	0	0	18463	0	18463
chr17	7674886	14786	0	0	0	14786
chr17	7676154	0	15674	0	0	15674
chr17	60623733	0	0	8973	0	8973
chr17	60663403	0	21177	0	0	21177
chr2	25234374	0	0	12887	0	12887
chr2	25234404	0	12136	0	0	12136
chr2	25235726	9171	0	0	0	9171
chr2	25235788	0	0	9891	0	9891
chr2	25239166	0	0	12114	0	12114
chr2	25240322	0	14128	0	0	14128
chr2	25240360	12387	0	0	0	12387
chr2	25240691	0	0	0	12288	12288
chr2	25241564	0	0	18933	0	18933
chr2	25241570	0	0	18869	0	18869
chr2	25243924	12366	0	0	0	12366
chr2	25243931	0	0	12728	0	12728
chr2	25244234	0	0	15566	0	15566
chr2	25244315	0	0	0	14844	14844
chr2	25244320	14725	0	0	0	14725
chr2	25244321	0	14697	0	0	14697
chr2	25244329	0	0	14095	1	14096
chr2	25244564	15454	0	0	0	15454
chr2	25244604	15575	0	0	0	15575
chr2	25245317	0	15488	0	0	15488
chr2	25246050	0	17422	0	0	17422
chr2	25246661	0	16204	0	0	16204
chr2	25247094	0	0	0	15096	15096
chr20	32433509	0	0	16714	0	16714
chr20	32435050	0	17076	0	0	17076
chr20	32435444	0	17625	0	0	17625
chr20	32435669	16611	0	0	0	16611
chr20	32435765	0	17285	0	0	17285
chr20	32436529	0	16577	0	0	16577
chr21	34799450	11082	0	0	0	11082
chr21	34859571	0	0	7640	0	7640
chr21	34880568	0	9319	0	0	9319
chr21	34880682	0	0	11731	0	11731
chr22	28694072	0	1237	0	0	1237
chr22	28695852	0	4	0	17417	17421
chr22	28725277	0	20399	0	0	20399
chr22	28725333	0	1	19483	0	19484
chr3	128486108	0	12695	0	0	12695
chr4	105234615	0	17217	0	0	17217
chr4	105234748	17774	0	0	0	17774
chr4	105236198	0	0	0	16835	16835
chr4	105237217	0	16916	0	0	16916
chr4	105241411	0	0	6874	0	6874
chr4	105269640	0	8763	0	0	8763
chr4	105275794	16708	0	0	0	16708
chr4	105275843	8750	0	7959	0	16709
chr7	148809093	0	10498	0	0	10498
chr7	148809359	0	0	9310	0	9310
chr7	148810344	0	0	0	19017	19017
chr7	148810374	0	0	0	18724	18724
chr7	148810383	0	18639	0	0	18639
chr7	148811627	0	18157	0	0	18157
chr7	148814973	0	0	7671	0	7671
chr7	148826504	0	7100	0	0	7100
chr7	148826570	7446	0	0	0	7446
chr7	148826583	7888	0	0	0	7888
chr7	148826616	0	6929	0	0	6929
chr8	116847581	0	14346	0	0	14346
chr8	116851985	0	13987	0	0	13987
chr8	116854333	0	0	0	8626	8626
chr8	116854470	0	0	0	9111	9111
chr8	116861895	0	0	6440	0	6440
chr9	83970251	9514	0	0	0	9514
chr9	83972891	0	9518	0	0	9518
chrX	40055368	0	8804	0	0	8804
chrX	40062162	0	0	7956	0	7956
chrX	40063806	0	0	8597	0	8597
chrX	40064410	0	9119	0	0	9119
chrX	40064506	0	0	9375	0	9375
chrX	40070996	0	0	9467	0	9467
chrX	40072912	0	9648	0	0	9648
chrX	40073385	0	0	10269	0	10269
chrX	40073476	0	0	10038	0	10038
chrX	40074322	0	0	9837	0	9837
chrX	40074655	0	0	9914	0	9914
chrX	53396510	0	8361	0	0	8361
chrX	124047433	4492	0	0	0	4492
chrX	124081461	0	5914	0	0	5914
chrX	124086638	0	7531	0	0	7531
chrX	134393949	0	0	5982	0	5982
chrX	134413560	0	0	6115	0	6115
chrX	155071546	0	5160	0	0	5160
